>>> train_set
<torch.utils.data.dataloader.DataLoader object at 0x7f0131765a80>
>>> train_set[0]
Traceback (most recent call last):
  File "<stdin>", line 1, in <module>
TypeError: 'DataLoader' object is not subscriptable
>>> len(train_set.dataset)
3750
>>> train_set.dataset[0]
(tensor([[[-0.4242, -0.4242, -0.4242, -0.4242, -0.4242, -0.4242, -0.4242,
          -0.4242, -0.4242, -0.4242, -0.4242, -0.4242, -0.4242, -0.4242,
          -0.4242, -0.4242, -0.4242, -0.4242, -0.4242, -0.4242, -0.4242,
          -0.4242, -0.4242, -0.4242, -0.4242, -0.4242, -0.4242, -0.4242],
         [-0.4242, -0.4242, -0.4242, -0.4242, -0.4242, -0.4242, -0.4242,
          -0.4242, -0.4242, -0.4242, -0.4242, -0.4242, -0.4242, -0.4242,
          -0.4242, -0.4242, -0.4242, -0.4242, -0.4242, -0.4242, -0.4242,
          -0.4242, -0.4242, -0.4242, -0.4242, -0.4242, -0.4242, -0.4242],
         [-0.4242, -0.4242, -0.4242, -0.4242, -0.4242, -0.4242, -0.4242,
          -0.4242, -0.4242, -0.4242, -0.4242, -0.4242, -0.4242, -0.4242,
          -0.4242, -0.4242, -0.4242, -0.4242, -0.4242, -0.4242, -0.4242,
          -0.4242, -0.4242, -0.4242, -0.4242, -0.4242, -0.4242, -0.4242],
         [-0.4242, -0.4242, -0.4242, -0.4242, -0.4242, -0.4242, -0.4242,
          -0.4242, -0.4242, -0.4242, -0.4242, -0.4242, -0.4242, -0.4242,
          -0.4242, -0.4242, -0.4242, -0.4242, -0.4242, -0.4242, -0.4242,
          -0.4242, -0.4242, -0.4242, -0.4242, -0.4242, -0.4242, -0.4242],
         [-0.4242, -0.4242, -0.4242, -0.4242, -0.4242, -0.4242, -0.4242,
          -0.4242, -0.4242, -0.4242, -0.4242, -0.4242, -0.4242, -0.4242,
          -0.4242, -0.4242, -0.4242, -0.4242, -0.4242, -0.4242, -0.4242,
          -0.4242, -0.4242, -0.4242, -0.4242, -0.4242, -0.4242, -0.4242],
         [-0.4242, -0.4242, -0.4242, -0.4242, -0.4242, -0.4242, -0.4242,
          -0.4242, -0.4242, -0.4242, -0.4242, -0.4242, -0.4242, -0.4242,
          -0.4242, -0.4242, -0.4242, -0.4242, -0.4242, -0.4242, -0.4242,
          -0.4242, -0.4242, -0.4242, -0.4242, -0.4242, -0.4242, -0.4242],
         [-0.4242, -0.4242, -0.4242, -0.4242, -0.4242, -0.4242, -0.4242,
          -0.4242, -0.4242, -0.4242, -0.3224,  0.5940,  1.0650,  1.8287,
           2.1342,  1.6505,  0.5940, -0.4115, -0.4242, -0.4242, -0.4242,
          -0.4242, -0.4242, -0.4242, -0.4242, -0.4242, -0.4242, -0.4242],
         [-0.4242, -0.4242, -0.4242, -0.4242, -0.4242, -0.4242, -0.4242,
          -0.4242, -0.4242, -0.0933,  1.9432,  2.7324,  2.2105,  1.9178,
           1.9305,  2.5033,  2.8088,  0.4540, -0.4242, -0.4242, -0.4242,
          -0.4242, -0.4242, -0.4242, -0.4242, -0.4242, -0.4242, -0.4242],
         [-0.4242, -0.4242, -0.4242, -0.4242, -0.4242, -0.4242, -0.4242,
          -0.4242, -0.2842,  2.3378,  2.7451,  0.4795, -0.4242, -0.4242,
          -0.4242,  0.5940,  2.8088,  0.6577, -0.4242, -0.4242, -0.4242,
          -0.4242, -0.4242, -0.4242, -0.4242, -0.4242, -0.4242, -0.4242],
         [-0.4242, -0.4242, -0.4242, -0.4242, -0.4242, -0.4242, -0.4242,
          -0.4242,  1.3705,  2.8088,  0.1486, -0.4242, -0.4242, -0.4242,
          -0.4242, -0.3988,  2.4269,  1.5996, -0.4242, -0.4242, -0.4242,
          -0.4242, -0.4242, -0.4242, -0.4242, -0.4242, -0.4242, -0.4242],
         [-0.4242, -0.4242, -0.4242, -0.4242, -0.4242, -0.4242, -0.4242,
          -0.3606,  2.2614,  1.9051, -0.3733, -0.4242, -0.4242, -0.4242,
          -0.4242, -0.4242,  2.2742,  1.7778, -0.4242, -0.4242, -0.4242,
          -0.4242, -0.4242, -0.4242, -0.4242, -0.4242, -0.4242, -0.4242],
         [-0.4242, -0.4242, -0.4242, -0.4242, -0.4242, -0.4242, -0.4242,
          -0.2460,  2.6942,  1.1923, -0.4242, -0.4242, -0.4242, -0.4242,
          -0.4242, -0.4242,  1.4341,  2.7706,  0.2377, -0.4242, -0.4242,
          -0.4242, -0.4242, -0.4242, -0.4242, -0.4242, -0.4242, -0.4242],
         [-0.4242, -0.4242, -0.4242, -0.4242, -0.4242, -0.4242, -0.4242,
           0.7086,  2.8088,  1.0523, -0.4242, -0.4242, -0.4242, -0.4242,
          -0.4242, -0.3988,  2.0832,  2.7960,  0.3395, -0.4242, -0.4242,
          -0.4242, -0.4242, -0.4242, -0.4242, -0.4242, -0.4242, -0.4242],
         [-0.4242, -0.4242, -0.4242, -0.4242, -0.4242, -0.4242, -0.4242,
           0.7595,  2.8088,  1.0523, -0.4242, -0.4242, -0.4242, -0.4242,
          -0.4242,  0.7086,  2.8088,  2.6051, -0.4242, -0.4242, -0.4242,
          -0.4242, -0.4242, -0.4242, -0.4242, -0.4242, -0.4242, -0.4242],
         [-0.4242, -0.4242, -0.4242, -0.4242, -0.4242, -0.4242, -0.4242,
          -0.0806,  2.6433,  1.9560, -0.1060, -0.4242, -0.4242, -0.2078,
           1.3323,  2.6815,  2.8088,  2.7069, -0.0169, -0.4242, -0.4242,
          -0.4242, -0.4242, -0.4242, -0.4242, -0.4242, -0.4242, -0.4242],
         [-0.4242, -0.4242, -0.4242, -0.4242, -0.4242, -0.4242, -0.4242,
          -0.4242,  0.8486,  2.8088,  2.6178,  2.5160,  2.5160,  2.6051,
           2.8215,  1.8541,  0.7850,  2.8088,  0.9632, -0.4242, -0.4242,
          -0.4242, -0.4242, -0.4242, -0.4242, -0.4242, -0.4242, -0.4242],
         [-0.4242, -0.4242, -0.4242, -0.4242, -0.4242, -0.4242, -0.4242,
          -0.4242, -0.4242,  0.1231,  1.4850,  1.5359,  1.5359,  0.9504,
           0.1740, -0.4242,  0.3904,  2.8088,  1.3323, -0.4242, -0.4242,
          -0.4242, -0.4242, -0.4242, -0.4242, -0.4242, -0.4242, -0.4242],
         [-0.4242, -0.4242, -0.4242, -0.4242, -0.4242, -0.4242, -0.4242,
          -0.4242, -0.4242, -0.4242, -0.4242, -0.4242, -0.4242, -0.4242,
          -0.4242, -0.4242, -0.4242,  2.7197,  1.3323, -0.4242, -0.4242,
          -0.4242, -0.4242, -0.4242, -0.4242, -0.4242, -0.4242, -0.4242],
         [-0.4242, -0.4242, -0.4242, -0.4242, -0.4242, -0.4242, -0.4242,
          -0.4242, -0.4242, -0.4242, -0.4242, -0.4242, -0.4242, -0.4242,
          -0.4242, -0.4242, -0.4242,  2.1469,  1.5996, -0.4242, -0.4242,
          -0.4242, -0.4242, -0.4242, -0.4242, -0.4242, -0.4242, -0.4242],
         [-0.4242, -0.4242, -0.4242, -0.4242, -0.4242, -0.4242, -0.4242,
          -0.4242, -0.4242, -0.4242, -0.4242, -0.4242, -0.4242, -0.4242,
          -0.4242, -0.4242, -0.4242,  1.7269,  2.3124, -0.4242, -0.4242,
          -0.4242, -0.4242, -0.4242, -0.4242, -0.4242, -0.4242, -0.4242],
         [-0.4242, -0.4242, -0.4242, -0.4242, -0.4242, -0.4242, -0.4242,
          -0.4242, -0.4242, -0.4242, -0.4242, -0.4242, -0.4242, -0.4242,
          -0.4242, -0.4242, -0.4242,  1.5868,  2.6815, -0.0551, -0.4242,
          -0.4242, -0.4242, -0.4242, -0.4242, -0.4242, -0.4242, -0.4242],
         [-0.4242, -0.4242, -0.4242, -0.4242, -0.4242, -0.4242, -0.4242,
          -0.4242, -0.4242, -0.4242, -0.4242, -0.4242, -0.4242, -0.4242,
          -0.4242, -0.4242, -0.4242,  0.7595,  2.8088,  0.0595, -0.4242,
          -0.4242, -0.4242, -0.4242, -0.4242, -0.4242, -0.4242, -0.4242],
         [-0.4242, -0.4242, -0.4242, -0.4242, -0.4242, -0.4242, -0.4242,
          -0.4242, -0.4242, -0.4242, -0.4242, -0.4242, -0.4242, -0.4242,
          -0.4242, -0.4242, -0.4242,  0.7595,  2.8088,  0.3904, -0.4242,
          -0.4242, -0.4242, -0.4242, -0.4242, -0.4242, -0.4242, -0.4242],
         [-0.4242, -0.4242, -0.4242, -0.4242, -0.4242, -0.4242, -0.4242,
          -0.4242, -0.4242, -0.4242, -0.4242, -0.4242, -0.4242, -0.4242,
          -0.4242, -0.4242, -0.4242,  0.0467,  2.8088,  1.1668, -0.4242,
          -0.4242, -0.4242, -0.4242, -0.4242, -0.4242, -0.4242, -0.4242],
         [-0.4242, -0.4242, -0.4242, -0.4242, -0.4242, -0.4242, -0.4242,
          -0.4242, -0.4242, -0.4242, -0.4242, -0.4242, -0.4242, -0.4242,
          -0.4242, -0.4242, -0.4242, -0.2587,  2.6433,  2.6687, -0.2587,
          -0.4242, -0.4242, -0.4242, -0.4242, -0.4242, -0.4242, -0.4242],
         [-0.4242, -0.4242, -0.4242, -0.4242, -0.4242, -0.4242, -0.4242,
          -0.4242, -0.4242, -0.4242, -0.4242, -0.4242, -0.4242, -0.4242,
          -0.4242, -0.4242, -0.4242, -0.4242,  1.4341,  2.2614, -0.2842,
          -0.4242, -0.4242, -0.4242, -0.4242, -0.4242, -0.4242, -0.4242],
         [-0.4242, -0.4242, -0.4242, -0.4242, -0.4242, -0.4242, -0.4242,
          -0.4242, -0.4242, -0.4242, -0.4242, -0.4242, -0.4242, -0.4242,
          -0.4242, -0.4242, -0.4242, -0.4242, -0.4242, -0.4242, -0.4242,
          -0.4242, -0.4242, -0.4242, -0.4242, -0.4242, -0.4242, -0.4242],
         [-0.4242, -0.4242, -0.4242, -0.4242, -0.4242, -0.4242, -0.4242,
          -0.4242, -0.4242, -0.4242, -0.4242, -0.4242, -0.4242, -0.4242,
          -0.4242, -0.4242, -0.4242, -0.4242, -0.4242, -0.4242, -0.4242,
          -0.4242, -0.4242, -0.4242, -0.4242, -0.4242, -0.4242, -0.4242]]]), 9)
>>> train_set.dataset[1]
(tensor([[[-0.4242, -0.4242, -0.4242, -0.4242, -0.4242, -0.4242, -0.4242,
          -0.4242, -0.4242, -0.4242, -0.4242, -0.4242, -0.4242, -0.4242,
          -0.4242, -0.4242, -0.4242, -0.4242, -0.4242, -0.4242, -0.4242,
          -0.4242, -0.4242, -0.4242, -0.4242, -0.4242, -0.4242, -0.4242],
         [-0.4242, -0.4242, -0.4242, -0.4242, -0.4242, -0.4242, -0.4242,
          -0.4242, -0.4242, -0.4242, -0.4242, -0.4242, -0.4242, -0.4242,
          -0.4242, -0.4242, -0.4242, -0.4242, -0.4242, -0.4242, -0.4242,
          -0.4242, -0.4242, -0.4242, -0.4242, -0.4242, -0.4242, -0.4242],
         [-0.4242, -0.4242, -0.4242, -0.4242, -0.4242, -0.4242, -0.4242,
          -0.4242, -0.4242, -0.4242, -0.4242, -0.4242, -0.4242, -0.4242,
          -0.4242, -0.4242, -0.4242, -0.4242, -0.4242, -0.4242, -0.4242,
          -0.4242, -0.4242, -0.4242, -0.4242, -0.4242, -0.4242, -0.4242],
         [-0.4242, -0.4242, -0.4242, -0.4242, -0.4242, -0.4242, -0.4242,
          -0.4242, -0.4242, -0.4242, -0.4242, -0.4242, -0.4242, -0.4242,
          -0.4242, -0.4242, -0.4242, -0.4242, -0.4242, -0.4242, -0.4242,
          -0.4242, -0.4242, -0.4242, -0.4242, -0.4242, -0.4242, -0.4242],
         [-0.4242, -0.4242, -0.4242, -0.4242, -0.4242, -0.4242, -0.4242,
          -0.4242, -0.4242, -0.4242, -0.4242, -0.4242, -0.4242, -0.4242,
          -0.4242, -0.4242, -0.4242, -0.4242, -0.4242, -0.4242, -0.4242,
          -0.4242, -0.4242, -0.4242, -0.4242, -0.4242, -0.4242, -0.4242],
         [-0.4242, -0.4242, -0.4242, -0.4242, -0.4242, -0.4242, -0.4242,
          -0.4242, -0.4242, -0.4242,  0.3904,  1.2050,  2.8215,  2.8215,
           2.8215,  0.3904, -0.4242, -0.4242,  1.2050,  1.2050, -0.4242,
          -0.4242, -0.4242, -0.4242, -0.4242, -0.4242, -0.4242, -0.4242],
         [-0.4242, -0.4242, -0.4242, -0.4242, -0.4242, -0.4242, -0.4242,
          -0.4242, -0.4242,  2.8215,  2.8215,  2.8215,  2.8215,  2.8215,
           2.8215,  2.8215,  1.2050,  2.8215,  2.8215,  2.8215,  2.8215,
          -0.4242, -0.4242, -0.4242, -0.4242, -0.4242, -0.4242, -0.4242],
         [-0.4242, -0.4242, -0.4242, -0.4242, -0.4242, -0.4242, -0.4242,
           0.3904,  2.8215,  2.8215,  2.8215,  2.8215,  2.8215,  2.8215,
           2.8215,  2.8215,  2.8215,  2.8215,  2.8215,  2.8215,  2.8215,
          -0.4242, -0.4242, -0.4242, -0.4242, -0.4242, -0.4242, -0.4242],
         [-0.4242, -0.4242, -0.4242, -0.4242, -0.4242, -0.4242, -0.4242,
           2.0069,  2.8215,  2.8215,  2.8215,  2.8215,  2.0069,  2.8215,
           2.8215,  2.8215,  2.8215,  2.8215,  2.8215,  2.8215,  2.8215,
          -0.4242, -0.4242, -0.4242, -0.4242, -0.4242, -0.4242, -0.4242],
         [-0.4242, -0.4242, -0.4242, -0.4242, -0.4242, -0.4242,  0.3904,
           2.8215,  2.8215,  2.8215,  2.0069,  0.3904,  1.2050,  2.8215,
           2.8215,  2.8215,  2.8215,  2.8215,  2.8215,  2.8215,  2.0069,
          -0.4242, -0.4242, -0.4242, -0.4242, -0.4242, -0.4242, -0.4242],
         [-0.4242, -0.4242, -0.4242, -0.4242, -0.4242, -0.4242, -0.4242,
           2.8215,  2.8215,  2.8215,  2.0069, -0.4242,  2.8215,  2.8215,
           2.8215,  2.8215,  2.8215,  2.8215,  2.8215,  2.0069, -0.4242,
          -0.4242, -0.4242, -0.4242, -0.4242, -0.4242, -0.4242, -0.4242],
         [-0.4242, -0.4242, -0.4242, -0.4242, -0.4242, -0.4242, -0.4242,
           2.0069,  2.8215,  2.8215,  2.8215,  2.0069,  0.3904,  2.0069,
           2.8215,  2.8215,  2.8215,  2.8215,  2.0069, -0.4242, -0.4242,
          -0.4242, -0.4242, -0.4242, -0.4242, -0.4242, -0.4242, -0.4242],
         [-0.4242, -0.4242, -0.4242, -0.4242, -0.4242, -0.4242, -0.4242,
           0.3904,  2.0069,  2.8215,  2.8215,  2.8215,  2.8215,  2.0069,
           2.8215,  2.8215,  2.8215,  2.8215, -0.4242, -0.4242, -0.4242,
          -0.4242, -0.4242, -0.4242, -0.4242, -0.4242, -0.4242, -0.4242],
         [-0.4242, -0.4242, -0.4242, -0.4242, -0.4242, -0.4242, -0.4242,
          -0.4242,  0.3904,  2.8215,  2.8215,  2.8215,  2.8215,  2.8215,
           2.8215,  2.8215,  2.8215,  0.3904, -0.4242, -0.4242, -0.4242,
          -0.4242, -0.4242, -0.4242, -0.4242, -0.4242, -0.4242, -0.4242],
         [-0.4242, -0.4242, -0.4242, -0.4242, -0.4242, -0.4242, -0.4242,
          -0.4242, -0.4242,  0.3904,  2.8215,  2.8215,  2.8215,  2.8215,
           2.8215,  2.8215,  1.2050, -0.4242, -0.4242, -0.4242, -0.4242,
          -0.4242, -0.4242, -0.4242, -0.4242, -0.4242, -0.4242, -0.4242],
         [-0.4242, -0.4242, -0.4242, -0.4242, -0.4242, -0.4242, -0.4242,
          -0.4242, -0.4242, -0.4242,  1.2050,  2.8215,  2.8215,  2.8215,
           2.8215,  2.8215,  1.2050, -0.4242, -0.4242, -0.4242, -0.4242,
          -0.4242, -0.4242, -0.4242, -0.4242, -0.4242, -0.4242, -0.4242],
         [-0.4242, -0.4242, -0.4242, -0.4242, -0.4242, -0.4242, -0.4242,
          -0.4242, -0.4242, -0.4242,  1.2050,  2.8215,  2.8215,  2.8215,
           2.8215,  2.8215,  2.0069, -0.4242, -0.4242, -0.4242, -0.4242,
          -0.4242, -0.4242, -0.4242, -0.4242, -0.4242, -0.4242, -0.4242],
         [-0.4242, -0.4242, -0.4242, -0.4242, -0.4242, -0.4242, -0.4242,
          -0.4242, -0.4242, -0.4242,  2.8215,  2.8215,  2.8215,  2.8215,
           2.8215,  2.8215,  2.8215,  2.0069, -0.4242, -0.4242, -0.4242,
          -0.4242, -0.4242, -0.4242, -0.4242, -0.4242, -0.4242, -0.4242],
         [-0.4242, -0.4242, -0.4242, -0.4242, -0.4242, -0.4242, -0.4242,
          -0.4242, -0.4242,  0.3904,  2.8215,  2.8215,  2.8215,  2.8215,
           2.8215,  2.8215,  2.8215,  2.8215, -0.4242, -0.4242, -0.4242,
          -0.4242, -0.4242, -0.4242, -0.4242, -0.4242, -0.4242, -0.4242],
         [-0.4242, -0.4242, -0.4242, -0.4242, -0.4242, -0.4242, -0.4242,
          -0.4242, -0.4242,  1.2050,  2.8215,  2.8215,  2.8215,  1.2050,
           1.2050,  2.8215,  2.8215,  2.8215,  2.0069, -0.4242, -0.4242,
          -0.4242, -0.4242, -0.4242, -0.4242, -0.4242, -0.4242, -0.4242],
         [-0.4242, -0.4242, -0.4242, -0.4242, -0.4242, -0.4242, -0.4242,
          -0.4242, -0.4242,  1.2050,  2.8215,  2.8215,  2.8215, -0.4242,
          -0.4242,  2.8215,  2.8215,  2.8215,  2.8215,  0.3904, -0.4242,
          -0.4242, -0.4242, -0.4242, -0.4242, -0.4242, -0.4242, -0.4242],
         [-0.4242, -0.4242, -0.4242, -0.4242, -0.4242, -0.4242, -0.4242,
          -0.4242, -0.4242, -0.4242,  2.8215,  2.8215,  2.8215,  2.0069,
           0.3904,  2.8215,  2.8215,  2.8215,  2.8215,  1.2050, -0.4242,
          -0.4242, -0.4242, -0.4242, -0.4242, -0.4242, -0.4242, -0.4242],
         [-0.4242, -0.4242, -0.4242, -0.4242, -0.4242, -0.4242, -0.4242,
          -0.4242, -0.4242, -0.4242,  1.2050,  2.8215,  2.8215,  2.8215,
           2.8215,  2.8215,  2.8215,  2.8215,  2.8215,  1.2050, -0.4242,
          -0.4242, -0.4242, -0.4242, -0.4242, -0.4242, -0.4242, -0.4242],
         [-0.4242, -0.4242, -0.4242, -0.4242, -0.4242, -0.4242, -0.4242,
          -0.4242, -0.4242, -0.4242, -0.4242,  2.0069,  2.8215,  2.8215,
           2.8215,  2.8215,  2.8215,  2.8215,  2.0069, -0.4242, -0.4242,
          -0.4242, -0.4242, -0.4242, -0.4242, -0.4242, -0.4242, -0.4242],
         [-0.4242, -0.4242, -0.4242, -0.4242, -0.4242, -0.4242, -0.4242,
          -0.4242, -0.4242, -0.4242, -0.4242, -0.4242,  0.3904,  1.2050,
           2.8215,  2.8215,  2.8215,  1.2050, -0.4242, -0.4242, -0.4242,
          -0.4242, -0.4242, -0.4242, -0.4242, -0.4242, -0.4242, -0.4242],
         [-0.4242, -0.4242, -0.4242, -0.4242, -0.4242, -0.4242, -0.4242,
          -0.4242, -0.4242, -0.4242, -0.4242, -0.4242, -0.4242, -0.4242,
          -0.4242, -0.4242, -0.4242, -0.4242, -0.4242, -0.4242, -0.4242,
          -0.4242, -0.4242, -0.4242, -0.4242, -0.4242, -0.4242, -0.4242],
         [-0.4242, -0.4242, -0.4242, -0.4242, -0.4242, -0.4242, -0.4242,
          -0.4242, -0.4242, -0.4242, -0.4242, -0.4242, -0.4242, -0.4242,
          -0.4242, -0.4242, -0.4242, -0.4242, -0.4242, -0.4242, -0.4242,
          -0.4242, -0.4242, -0.4242, -0.4242, -0.4242, -0.4242, -0.4242],
         [-0.4242, -0.4242, -0.4242, -0.4242, -0.4242, -0.4242, -0.4242,
          -0.4242, -0.4242, -0.4242, -0.4242, -0.4242, -0.4242, -0.4242,
          -0.4242, -0.4242, -0.4242, -0.4242, -0.4242, -0.4242, -0.4242,
          -0.4242, -0.4242, -0.4242, -0.4242, -0.4242, -0.4242, -0.4242]]]), 8)
>>> train_set.dataset[1][1]
8
>>> train_set.dataset[2][1]
9
>>> train_set.dataset[12][1]
0
>>> train_set.dataset[120][1]
5
>>> def partition_dataset(rank):
...     """ Partitioning MNIST """
...     dataset = datasets.MNIST(
...         './data',
...         train=True,
...         download=True,
...         transform=transforms.Compose([
...             transforms.ToTensor(),
...             transforms.Normalize((0.1307, ), (0.3081, ))
...         ]))
...     size = 16
...     bsz = 128 // size
... #    partition_sizes = [1.0 / size for _ in range(size)]
...     with open('partition_sizes', newline='') as csvfile1:
...         partition_sizes = list(csv.reader(csvfile1))
...     partition_sizes=[float(partition_sizes[0][i]) for i in range(size)]    
...     partition = DataPartitioner(dataset, partition_sizes)
...     partition = partition.use(rank)
...     train_set = torch.utils.data.DataLoader(
...         partition, batch_size=bsz, shuffle=True)
...     return train_set, bsz
... 
>>> train_set, bsz = partition_dataset(0)
>>> train_set.dataset[0][0]
tensor([[[-0.4242, -0.4242, -0.4242, -0.4242, -0.4242, -0.4242, -0.4242,
          -0.4242, -0.4242, -0.4242, -0.4242, -0.4242, -0.4242, -0.4242,
          -0.4242, -0.4242, -0.4242, -0.4242, -0.4242, -0.4242, -0.4242,
          -0.4242, -0.4242, -0.4242, -0.4242, -0.4242, -0.4242, -0.4242],
         [-0.4242, -0.4242, -0.4242, -0.4242, -0.4242, -0.4242, -0.4242,
          -0.4242, -0.4242, -0.4242, -0.4242, -0.4242, -0.4242, -0.4242,
          -0.4242, -0.4242, -0.4242, -0.4242, -0.4242, -0.4242, -0.4242,
          -0.4242, -0.4242, -0.4242, -0.4242, -0.4242, -0.4242, -0.4242],
         [-0.4242, -0.4242, -0.4242, -0.4242, -0.4242, -0.4242, -0.4242,
          -0.4242, -0.4242, -0.4242, -0.4242, -0.4242, -0.4242, -0.4242,
          -0.4242, -0.4242, -0.4242, -0.4242, -0.4242, -0.4242, -0.4242,
          -0.4242, -0.4242, -0.4242, -0.4242, -0.4242, -0.4242, -0.4242],
         [-0.4242, -0.4242, -0.4242, -0.4242, -0.4242, -0.4242, -0.4242,
          -0.4242, -0.4242, -0.4242, -0.4242, -0.4242, -0.4242, -0.4242,
          -0.4242, -0.4242, -0.4242, -0.4242, -0.4242, -0.4242, -0.4242,
          -0.4242, -0.4242, -0.4242, -0.4242, -0.4242, -0.4242, -0.4242],
         [-0.4242, -0.4242, -0.4242, -0.4242, -0.4242, -0.4242, -0.4242,
          -0.4242, -0.4242, -0.4242, -0.4242, -0.4242, -0.4242, -0.4242,
          -0.4242, -0.4242, -0.4242, -0.4242, -0.4242, -0.4242, -0.4242,
          -0.4242, -0.4242, -0.4242, -0.4242, -0.4242, -0.4242, -0.4242],
         [-0.4242, -0.4242, -0.4242, -0.4242, -0.4242, -0.4242, -0.4242,
          -0.4242, -0.4242, -0.4242, -0.4242, -0.4242, -0.4242, -0.4242,
          -0.4242, -0.4242, -0.4242, -0.4242, -0.4242, -0.4242, -0.4242,
          -0.4242, -0.4242, -0.4242, -0.4242, -0.4242, -0.4242, -0.4242],
         [-0.4242, -0.4242, -0.4242, -0.4242, -0.4242, -0.4242, -0.4242,
          -0.4242, -0.4242, -0.4242, -0.3224,  0.5940,  1.0650,  1.8287,
           2.1342,  1.6505,  0.5940, -0.4115, -0.4242, -0.4242, -0.4242,
          -0.4242, -0.4242, -0.4242, -0.4242, -0.4242, -0.4242, -0.4242],
         [-0.4242, -0.4242, -0.4242, -0.4242, -0.4242, -0.4242, -0.4242,
          -0.4242, -0.4242, -0.0933,  1.9432,  2.7324,  2.2105,  1.9178,
           1.9305,  2.5033,  2.8088,  0.4540, -0.4242, -0.4242, -0.4242,
          -0.4242, -0.4242, -0.4242, -0.4242, -0.4242, -0.4242, -0.4242],
         [-0.4242, -0.4242, -0.4242, -0.4242, -0.4242, -0.4242, -0.4242,
          -0.4242, -0.2842,  2.3378,  2.7451,  0.4795, -0.4242, -0.4242,
          -0.4242,  0.5940,  2.8088,  0.6577, -0.4242, -0.4242, -0.4242,
          -0.4242, -0.4242, -0.4242, -0.4242, -0.4242, -0.4242, -0.4242],
         [-0.4242, -0.4242, -0.4242, -0.4242, -0.4242, -0.4242, -0.4242,
          -0.4242,  1.3705,  2.8088,  0.1486, -0.4242, -0.4242, -0.4242,
          -0.4242, -0.3988,  2.4269,  1.5996, -0.4242, -0.4242, -0.4242,
          -0.4242, -0.4242, -0.4242, -0.4242, -0.4242, -0.4242, -0.4242],
         [-0.4242, -0.4242, -0.4242, -0.4242, -0.4242, -0.4242, -0.4242,
          -0.3606,  2.2614,  1.9051, -0.3733, -0.4242, -0.4242, -0.4242,
          -0.4242, -0.4242,  2.2742,  1.7778, -0.4242, -0.4242, -0.4242,
          -0.4242, -0.4242, -0.4242, -0.4242, -0.4242, -0.4242, -0.4242],
         [-0.4242, -0.4242, -0.4242, -0.4242, -0.4242, -0.4242, -0.4242,
          -0.2460,  2.6942,  1.1923, -0.4242, -0.4242, -0.4242, -0.4242,
          -0.4242, -0.4242,  1.4341,  2.7706,  0.2377, -0.4242, -0.4242,
          -0.4242, -0.4242, -0.4242, -0.4242, -0.4242, -0.4242, -0.4242],
         [-0.4242, -0.4242, -0.4242, -0.4242, -0.4242, -0.4242, -0.4242,
           0.7086,  2.8088,  1.0523, -0.4242, -0.4242, -0.4242, -0.4242,
          -0.4242, -0.3988,  2.0832,  2.7960,  0.3395, -0.4242, -0.4242,
          -0.4242, -0.4242, -0.4242, -0.4242, -0.4242, -0.4242, -0.4242],
         [-0.4242, -0.4242, -0.4242, -0.4242, -0.4242, -0.4242, -0.4242,
           0.7595,  2.8088,  1.0523, -0.4242, -0.4242, -0.4242, -0.4242,
          -0.4242,  0.7086,  2.8088,  2.6051, -0.4242, -0.4242, -0.4242,
          -0.4242, -0.4242, -0.4242, -0.4242, -0.4242, -0.4242, -0.4242],
         [-0.4242, -0.4242, -0.4242, -0.4242, -0.4242, -0.4242, -0.4242,
          -0.0806,  2.6433,  1.9560, -0.1060, -0.4242, -0.4242, -0.2078,
           1.3323,  2.6815,  2.8088,  2.7069, -0.0169, -0.4242, -0.4242,
          -0.4242, -0.4242, -0.4242, -0.4242, -0.4242, -0.4242, -0.4242],
         [-0.4242, -0.4242, -0.4242, -0.4242, -0.4242, -0.4242, -0.4242,
          -0.4242,  0.8486,  2.8088,  2.6178,  2.5160,  2.5160,  2.6051,
           2.8215,  1.8541,  0.7850,  2.8088,  0.9632, -0.4242, -0.4242,
          -0.4242, -0.4242, -0.4242, -0.4242, -0.4242, -0.4242, -0.4242],
         [-0.4242, -0.4242, -0.4242, -0.4242, -0.4242, -0.4242, -0.4242,
          -0.4242, -0.4242,  0.1231,  1.4850,  1.5359,  1.5359,  0.9504,
           0.1740, -0.4242,  0.3904,  2.8088,  1.3323, -0.4242, -0.4242,
          -0.4242, -0.4242, -0.4242, -0.4242, -0.4242, -0.4242, -0.4242],
         [-0.4242, -0.4242, -0.4242, -0.4242, -0.4242, -0.4242, -0.4242,
          -0.4242, -0.4242, -0.4242, -0.4242, -0.4242, -0.4242, -0.4242,
          -0.4242, -0.4242, -0.4242,  2.7197,  1.3323, -0.4242, -0.4242,
          -0.4242, -0.4242, -0.4242, -0.4242, -0.4242, -0.4242, -0.4242],
         [-0.4242, -0.4242, -0.4242, -0.4242, -0.4242, -0.4242, -0.4242,
          -0.4242, -0.4242, -0.4242, -0.4242, -0.4242, -0.4242, -0.4242,
          -0.4242, -0.4242, -0.4242,  2.1469,  1.5996, -0.4242, -0.4242,
          -0.4242, -0.4242, -0.4242, -0.4242, -0.4242, -0.4242, -0.4242],
         [-0.4242, -0.4242, -0.4242, -0.4242, -0.4242, -0.4242, -0.4242,
          -0.4242, -0.4242, -0.4242, -0.4242, -0.4242, -0.4242, -0.4242,
          -0.4242, -0.4242, -0.4242,  1.7269,  2.3124, -0.4242, -0.4242,
          -0.4242, -0.4242, -0.4242, -0.4242, -0.4242, -0.4242, -0.4242],
         [-0.4242, -0.4242, -0.4242, -0.4242, -0.4242, -0.4242, -0.4242,
          -0.4242, -0.4242, -0.4242, -0.4242, -0.4242, -0.4242, -0.4242,
          -0.4242, -0.4242, -0.4242,  1.5868,  2.6815, -0.0551, -0.4242,
          -0.4242, -0.4242, -0.4242, -0.4242, -0.4242, -0.4242, -0.4242],
         [-0.4242, -0.4242, -0.4242, -0.4242, -0.4242, -0.4242, -0.4242,
          -0.4242, -0.4242, -0.4242, -0.4242, -0.4242, -0.4242, -0.4242,
          -0.4242, -0.4242, -0.4242,  0.7595,  2.8088,  0.0595, -0.4242,
          -0.4242, -0.4242, -0.4242, -0.4242, -0.4242, -0.4242, -0.4242],
         [-0.4242, -0.4242, -0.4242, -0.4242, -0.4242, -0.4242, -0.4242,
          -0.4242, -0.4242, -0.4242, -0.4242, -0.4242, -0.4242, -0.4242,
          -0.4242, -0.4242, -0.4242,  0.7595,  2.8088,  0.3904, -0.4242,
          -0.4242, -0.4242, -0.4242, -0.4242, -0.4242, -0.4242, -0.4242],
         [-0.4242, -0.4242, -0.4242, -0.4242, -0.4242, -0.4242, -0.4242,
          -0.4242, -0.4242, -0.4242, -0.4242, -0.4242, -0.4242, -0.4242,
          -0.4242, -0.4242, -0.4242,  0.0467,  2.8088,  1.1668, -0.4242,
          -0.4242, -0.4242, -0.4242, -0.4242, -0.4242, -0.4242, -0.4242],
         [-0.4242, -0.4242, -0.4242, -0.4242, -0.4242, -0.4242, -0.4242,
          -0.4242, -0.4242, -0.4242, -0.4242, -0.4242, -0.4242, -0.4242,
          -0.4242, -0.4242, -0.4242, -0.2587,  2.6433,  2.6687, -0.2587,
          -0.4242, -0.4242, -0.4242, -0.4242, -0.4242, -0.4242, -0.4242],
         [-0.4242, -0.4242, -0.4242, -0.4242, -0.4242, -0.4242, -0.4242,
          -0.4242, -0.4242, -0.4242, -0.4242, -0.4242, -0.4242, -0.4242,
          -0.4242, -0.4242, -0.4242, -0.4242,  1.4341,  2.2614, -0.2842,
          -0.4242, -0.4242, -0.4242, -0.4242, -0.4242, -0.4242, -0.4242],
         [-0.4242, -0.4242, -0.4242, -0.4242, -0.4242, -0.4242, -0.4242,
          -0.4242, -0.4242, -0.4242, -0.4242, -0.4242, -0.4242, -0.4242,
          -0.4242, -0.4242, -0.4242, -0.4242, -0.4242, -0.4242, -0.4242,
          -0.4242, -0.4242, -0.4242, -0.4242, -0.4242, -0.4242, -0.4242],
         [-0.4242, -0.4242, -0.4242, -0.4242, -0.4242, -0.4242, -0.4242,
          -0.4242, -0.4242, -0.4242, -0.4242, -0.4242, -0.4242, -0.4242,
          -0.4242, -0.4242, -0.4242, -0.4242, -0.4242, -0.4242, -0.4242,
          -0.4242, -0.4242, -0.4242, -0.4242, -0.4242, -0.4242, -0.4242]]])
>>> train_set.dataset[0][1]
9
>>> train_set.dataset[1][1]
8
>>> train_set.dataset[12][1]
0
>>> train_set.dataset[120][1]
5
>>> train_set.dataset[i][1] for i in len(train_set.dataset)
  File "<stdin>", line 1
    train_set.dataset[i][1] for i in len(train_set.dataset)
                            ^^^
SyntaxError: invalid syntax
>>> count(train_set.dataset[i][1] for i in len(train_set.dataset))
Traceback (most recent call last):
  File "<stdin>", line 1, in <module>
NameError: name 'count' is not defined. Did you mean: 'round'?
>>> sum(train_set.dataset[i][1] for i in len(train_set.dataset))
Traceback (most recent call last):
  File "<stdin>", line 1, in <module>
TypeError: 'int' object is not iterable
>>> sum(train_set.dataset[i][1] for i in train_set.dataset)
Traceback (most recent call last):
  File "<stdin>", line 1, in <module>
  File "<stdin>", line 1, in <genexpr>
  File "<stdin>", line 8, in __getitem__
TypeError: list indices must be integers or slices, not tuple
>>> sum[train_set.dataset[i][1] for i in train_set.dataset]
  File "<stdin>", line 1
    sum[train_set.dataset[i][1] for i in train_set.dataset]
                                ^^^
SyntaxError: invalid syntax
>>> [train_set.dataset[i][1] for i in train_set.dataset]
Traceback (most recent call last):
  File "<stdin>", line 1, in <module>
  File "<stdin>", line 1, in <listcomp>
  File "<stdin>", line 8, in __getitem__
TypeError: list indices must be integers or slices, not tuple
>>> [train_set.dataset[i][1] for i in range(len(train_set.dataset))]
[9, 8, 9, 8, 0, 5, 2, 7, 7, 7, 3, 8, 0, 7, 8, 9, 7, 5, 1, 2, 2, 9, 6, 9, 4, 0, 4, 4, 5, 2, 4, 7, 0, 4, 5, 2, 6, 0, 4, 0, 8, 5, 8, 3, 1, 0, 6, 8, 8, 6, 4, 9, 3, 8, 6, 6, 1, 4, 1, 2, 0, 7, 5, 5, 4, 9, 2, 2, 4, 7, 2, 3, 7, 5, 4, 8, 9, 3, 5, 6, 1, 7, 4, 2, 4, 5, 0, 1, 5, 6, 7, 0, 7, 4, 6, 3, 0, 8, 3, 3, 8, 9, 7, 6, 8, 2, 9, 7, 4, 4, 8, 2, 5, 2, 2, 4, 7, 0, 9, 5, 5, 5, 3, 2, 4, 5, 9, 7, 9, 9, 8, 1, 5, 3, 6, 8, 5, 5, 1, 0, 3, 0, 0, 5, 9, 2, 2, 8, 8, 4, 6, 9, 8, 3, 4, 7, 6, 7, 6, 5, 6, 9, 9, 8, 5, 7, 4, 5, 9, 0, 7, 1, 3, 3, 6, 9, 7, 7, 4, 6, 4, 6, 4, 7, 0, 7, 3, 3, 8, 5, 1, 1, 7, 7, 8, 2, 8, 7, 2, 8, 5, 0, 0, 1, 0, 6, 8, 9, 5, 7, 4, 1, 6, 4, 0, 6, 2, 0, 0, 0, 3, 8, 8, 5, 6, 4, 0, 9, 5, 5, 7, 2, 6, 3, 4, 4, 1, 0, 2, 3, 4, 9, 1, 3, 5, 8, 2, 8, 6, 2, 6, 2, 0, 8, 3, 4, 9, 2, 4, 8, 5, 0, 4, 3, 1, 1, 0, 0, 1, 1, 5, 0, 3, 4, 2, 6, 2, 8, 1, 2, 3, 6, 5, 1, 8, 3, 4, 5, 6, 6, 3, 0, 8, 4, 1, 6, 1, 1, 6, 3, 6, 0, 0, 3, 0, 1, 8, 9, 9, 9, 1, 7, 6, 0, 4, 7, 8, 1, 8, 8, 8, 3, 6, 9, 1, 0, 7, 0, 8, 5, 1, 2, 5, 2, 0, 8, 1, 9, 1, 8, 8, 8, 6, 1, 7, 3, 9, 7, 1, 0, 1, 6, 4, 3, 3, 4, 7, 3, 8, 3, 2, 5, 5, 7, 3, 1, 3, 9, 1, 6, 0, 0, 7, 7, 8, 7, 8, 3, 7, 9, 0, 0, 3, 3, 6, 7, 8, 3, 7, 6, 1, 0, 2, 7, 3, 0, 4, 3, 6, 9, 1, 7, 8, 2, 9, 2, 4, 7, 7, 1, 9, 9, 4, 3, 8, 1, 9, 9, 5, 6, 9, 9, 5, 1, 3, 1, 1, 6, 2, 0, 4, 2, 5, 1, 3, 6, 7, 8, 3, 3, 5, 0, 1, 5, 5, 1, 8, 0, 0, 6, 1, 4, 1, 3, 4, 9, 8, 3, 2, 4, 9, 4, 0, 0, 3, 0, 9, 6, 9, 0, 9, 0, 3, 4, 3, 0, 0, 6, 0, 9, 6, 7, 4, 0, 2, 0, 9, 3, 6, 3, 3, 5, 1, 9, 4, 1, 4, 4, 0, 6, 2, 8, 2, 3, 9, 0, 3, 4, 5, 7, 6, 4, 2, 4, 3, 1, 1, 1, 9, 1, 3, 9, 2, 8, 7, 0, 8, 5, 5, 6, 4, 1, 3, 1, 0, 2, 7, 7, 3, 0, 3, 7, 9, 8, 4, 2, 9, 6, 9, 0, 8, 1, 4, 5, 1, 5, 7, 9, 0, 6, 1, 4, 1, 4, 9, 3, 8, 7, 7, 6, 8, 1, 4, 4, 7, 1, 2, 1, 1, 3, 8, 0, 4, 4, 0, 3, 4, 3, 1, 5, 6, 5, 4, 7, 0, 6, 5, 7, 2, 7, 2, 3, 4, 0, 3, 3, 9, 2, 5, 4, 5, 4, 0, 1, 5, 7, 5, 7, 2, 1, 8, 6, 6, 4, 2, 3, 3, 0, 6, 0, 0, 2, 5, 5, 9, 6, 3, 7, 8, 8, 1, 5, 6, 7, 9, 1, 7, 9, 6, 1, 3, 1, 2, 4, 6, 1, 0, 5, 6, 7, 5, 6, 0, 6, 4, 2, 1, 0, 7, 3, 5, 0, 2, 4, 4, 2, 1, 1, 1, 2, 9, 1, 6, 9, 9, 7, 5, 1, 0, 1, 1, 7, 6, 4, 5, 3, 9, 0, 2, 2, 2, 5, 4, 1, 2, 2, 8, 6, 2, 4, 1, 9, 5, 4, 6, 9, 8, 1, 8, 8, 2, 9, 9, 1, 7, 3, 6, 2, 7, 7, 1, 9, 5, 2, 3, 0, 4, 7, 0, 4, 4, 1, 5, 1, 7, 2, 5, 0, 2, 7, 9, 3, 1, 9, 3, 7, 4, 1, 9, 7, 2, 0, 9, 3, 8, 7, 6, 5, 9, 2, 5, 9, 4, 6, 1, 8, 8, 7, 3, 7, 0, 4, 1, 4, 9, 1, 1, 4, 3, 5, 1, 7, 4, 9, 4, 2, 7, 2, 9, 2, 4, 0, 8, 8, 5, 7, 0, 7, 9, 7, 0, 4, 2, 3, 1, 8, 7, 9, 8, 7, 2, 5, 4, 3, 2, 9, 3, 9, 5, 9, 2, 7, 4, 3, 2, 1, 7, 2, 0, 6, 7, 2, 0, 7, 9, 6, 3, 1, 8, 6, 8, 4, 5, 0, 4, 5, 2, 3, 2, 1, 3, 8, 6, 6, 7, 1, 1, 2, 7, 5, 0, 3, 2, 7, 1, 4, 2, 7, 8, 0, 8, 5, 9, 8, 0, 0, 9, 9, 3, 4, 4, 1, 8, 2, 5, 3, 4, 9, 1, 8, 3, 6, 0, 9, 1, 8, 8, 2, 1, 1, 8, 4, 1, 8, 0, 3, 2, 5, 1, 4, 0, 6, 2, 3, 8, 3, 6, 7, 5, 8, 1, 4, 2, 8, 8, 3, 9, 4, 9, 5, 1, 9, 0, 4, 1, 1, 7, 9, 1, 1, 8, 3, 4, 2, 1, 2, 9, 7, 9, 6, 9, 4, 7, 8, 9, 2, 5, 7, 5, 1, 0, 7, 4, 7, 8, 8, 4, 2, 4, 8, 3, 7, 0, 9, 3, 4, 5, 5, 9, 6, 2, 3, 7, 0, 3, 0, 6, 6, 8, 2, 5, 6, 4, 6, 6, 8, 4, 1, 5, 9, 9, 5, 1, 6, 8, 2, 5, 8, 4, 6, 1, 0, 4, 7, 6, 3, 7, 8, 5, 4, 2, 6, 8, 7, 2, 7, 3, 4, 6, 4, 8, 8, 2, 9, 8, 7, 1, 7, 4, 5, 4, 4, 7, 8, 7, 6, 7, 2, 8, 6, 0, 0, 4, 7, 9, 6, 5, 3, 2, 4, 7, 9, 6, 3, 8, 2, 5, 2, 7, 0, 5, 3, 7, 0, 9, 9, 1, 8, 0, 4, 1, 6, 7, 1, 0, 2, 6, 1, 2, 7, 6, 7, 1, 5, 1, 9, 8, 3, 3, 6, 1, 4, 0, 2, 0, 6, 8, 3, 1, 1, 6, 3, 9, 2, 1, 2, 3, 2, 3, 5, 4, 5, 6, 2, 9, 2, 2, 8, 9, 6, 2, 9, 8, 3, 7, 8, 3, 0, 2, 5, 7, 6, 1, 3, 1, 9, 4, 5, 6, 1, 5, 2, 5, 5, 1, 0, 2, 9, 8, 6, 7, 5, 5, 4, 2, 2, 0, 2, 0, 0, 1, 7, 9, 8, 9, 0, 1, 5, 3, 2, 0, 6, 1, 1, 5, 7, 5, 9, 3, 4, 0, 8, 0, 4, 8, 3, 1, 2, 9, 7, 5, 5, 7, 4, 8, 3, 3, 7, 0, 9, 4, 4, 8, 8, 3, 1, 5, 0, 9, 1, 0, 4, 4, 2, 5, 8, 4, 6, 2, 0, 6, 4, 5, 3, 5, 7, 7, 0, 5, 3, 9, 1, 9, 2, 3, 6, 8, 2, 2, 4, 8, 3, 6, 6, 2, 6, 7, 1, 6, 4, 6, 2, 6, 2, 1, 4, 6, 6, 7, 6, 1, 8, 7, 5, 6, 7, 5, 7, 8, 2, 1, 6, 7, 4, 3, 4, 9, 9, 6, 5, 3, 2, 4, 3, 3, 3, 8, 2, 9, 9, 0, 3, 7, 5, 6, 1, 1, 6, 7, 2, 3, 1, 6, 6, 5, 1, 6, 0, 2, 9, 4, 7, 6, 8, 9, 6, 9, 0, 9, 7, 3, 6, 6, 4, 8, 3, 4, 6, 6, 3, 1, 5, 0, 2, 4, 4, 8, 2, 3, 0, 4, 1, 3, 6, 0, 2, 5, 8, 0, 4, 2, 7, 7, 3, 0, 9, 4, 8, 9, 7, 0, 3, 0, 5, 9, 0, 3, 8, 6, 7, 7, 2, 9, 8, 8, 5, 7, 0, 4, 3, 4, 8, 2, 9, 7, 2, 2, 3, 4, 5, 2, 8, 6, 0, 5, 8, 1, 7, 2, 2, 5, 5, 5, 2, 2, 4, 6, 2, 4, 5, 2, 4, 8, 9, 0, 4, 0, 2, 3, 4, 3, 1, 4, 0, 4, 1, 1, 4, 7, 5, 4, 4, 1, 8, 3, 9, 4, 0, 6, 8, 7, 3, 0, 4, 9, 3, 8, 8, 5, 0, 5, 0, 8, 8, 7, 4, 7, 3, 5, 3, 3, 9, 2, 9, 2, 4, 3, 1, 4, 1, 1, 3, 3, 1, 6, 8, 9, 0, 1, 5, 0, 8, 1, 2, 0, 3, 8, 0, 9, 8, 2, 9, 9, 9, 3, 4, 2, 8, 7, 5, 3, 9, 1, 0, 6, 4, 9, 8, 0, 1, 8, 9, 6, 8, 2, 9, 5, 8, 8, 2, 7, 2, 7, 7, 4, 0, 1, 8, 2, 5, 4, 1, 1, 6, 1, 1, 5, 3, 2, 6, 3, 4, 9, 8, 1, 0, 1, 6, 4, 9, 4, 8, 9, 5, 3, 8, 0, 7, 9, 9, 8, 6, 6, 4, 7, 3, 2, 0, 6, 0, 6, 0, 8, 9, 0, 6, 1, 6, 8, 9, 2, 6, 5, 2, 3, 2, 8, 8, 7, 3, 6, 6, 6, 0, 6, 1, 4, 0, 2, 1, 7, 7, 9, 7, 0, 8, 5, 6, 2, 1, 8, 5, 7, 6, 8, 7, 5, 6, 5, 7, 2, 3, 3, 1, 6, 1, 5, 4, 0, 3, 7, 8, 1, 7, 9, 0, 5, 9, 8, 1, 8, 8, 1, 9, 3, 9, 4, 6, 1, 0, 4, 0, 1, 6, 9, 4, 9, 8, 8, 4, 3, 9, 2, 4, 7, 3, 3, 9, 4, 0, 7, 0, 6, 2, 5, 4, 5, 4, 7, 1, 6, 2, 6, 6, 4, 6, 7, 7, 6, 5, 6, 1, 3, 5, 7, 4, 0, 2, 7, 9, 9, 3, 8, 5, 8, 2, 9, 6, 8, 9, 8, 7, 5, 9, 2, 8, 9, 1, 6, 0, 8, 5, 9, 7, 9, 1, 7, 7, 2, 5, 6, 3, 1, 5, 9, 0, 2, 7, 4, 1, 5, 1, 6, 4, 8, 8, 7, 7, 5, 9, 5, 1, 6, 3, 0, 3, 8, 2, 8, 6, 4, 4, 0, 9, 6, 8, 6, 6, 6, 7, 8, 8, 9, 3, 5, 0, 9, 3, 3, 2, 2, 3, 7, 1, 3, 4, 7, 6, 2, 3, 6, 5, 1, 7, 2, 7, 1, 8, 7, 9, 6, 3, 3, 0, 2, 8, 3, 6, 0, 6, 7, 4, 1, 6, 1, 3, 2, 2, 6, 3, 7, 9, 7, 0, 7, 5, 7, 0, 7, 5, 3, 1, 5, 0, 8, 7, 3, 8, 1, 2, 1, 0, 2, 1, 3, 3, 8, 2, 9, 2, 2, 4, 3, 3, 2, 9, 4, 5, 1, 7, 0, 1, 3, 5, 7, 2, 8, 5, 9, 3, 4, 1, 8, 9, 5, 9, 3, 3, 9, 7, 2, 3, 1, 5, 9, 6, 8, 9, 9, 2, 0, 3, 2, 9, 9, 9, 4, 1, 7, 1, 2, 1, 1, 5, 2, 8, 5, 1, 9, 2, 0, 5, 8, 5, 1, 3, 9, 6, 8, 9, 2, 2, 3, 5, 9, 6, 9, 2, 3, 4, 4, 0, 9, 6, 3, 7, 4, 9, 3, 7, 2, 8, 9, 7, 6, 0, 4, 8, 1, 6, 8, 2, 4, 6, 1, 5, 3, 5, 0, 2, 8, 7, 7, 9, 1, 5, 7, 7, 4, 1, 5, 1, 8, 9, 3, 3, 8, 4, 9, 7, 9, 8, 3, 1, 7, 9, 6, 3, 5, 4, 4, 6, 6, 4, 3, 0, 4, 9, 8, 2, 2, 0, 9, 7, 1, 7, 6, 0, 8, 2, 3, 1, 0, 4, 6, 7, 8, 3, 4, 6, 5, 2, 1, 5, 6, 5, 4, 8, 1, 8, 1, 5, 8, 9, 0, 0, 9, 1, 3, 7, 2, 0, 0, 5, 3, 3, 7, 4, 1, 0, 9, 7, 0, 5, 0, 2, 4, 0, 4, 7, 8, 6, 1, 6, 3, 2, 9, 7, 3, 4, 3, 4, 3, 2, 5, 2, 3, 7, 6, 6, 1, 6, 4, 2, 1, 4, 7, 0, 2, 1, 8, 9, 9, 8, 1, 9, 3, 5, 6, 1, 7, 3, 3, 7, 5, 7, 1, 7, 6, 4, 6, 4, 2, 9, 4, 8, 8, 0, 6, 3, 8, 9, 5, 6, 1, 7, 8, 4, 8, 9, 6, 2, 4, 6, 2, 7, 4, 2, 4, 8, 1, 0, 5, 7, 2, 5, 3, 1, 4, 0, 5, 9, 1, 5, 9, 1, 0, 6, 1, 3, 8, 5, 9, 0, 0, 9, 7, 5, 0, 9, 2, 9, 2, 7, 6, 0, 4, 8, 3, 0, 2, 2, 2, 7, 2, 4, 4, 7, 2, 1, 5, 8, 6, 0, 4, 4, 9, 7, 1, 2, 8, 9, 4, 1, 5, 4, 0, 4, 5, 3, 8, 1, 6, 0, 9, 8, 7, 2, 7, 0, 1, 9, 0, 9, 4, 0, 4, 4, 3, 8, 4, 8, 9, 2, 9, 8, 4, 5, 0, 6, 2, 6, 9, 7, 5, 9, 6, 3, 8, 2, 1, 9, 2, 3, 5, 2, 7, 5, 4, 0, 0, 6, 5, 2, 5, 8, 1, 1, 7, 0, 3, 6, 4, 2, 8, 2, 2, 4, 8, 2, 6, 1, 8, 5, 0, 4, 4, 4, 0, 6, 9, 4, 3, 3, 2, 1, 4, 8, 2, 4, 6, 6, 1, 2, 0, 8, 3, 1, 0, 3, 0, 0, 7, 7, 0, 9, 2, 7, 6, 8, 8, 5, 9, 0, 7, 4, 2, 1, 4, 8, 4, 6, 5, 6, 8, 6, 1, 1, 7, 9, 8, 9, 1, 1, 9, 9, 6, 1, 3, 7, 4, 3, 1, 5, 0, 9, 7, 0, 4, 5, 9, 1, 1, 0, 8, 8, 9, 0, 9, 6, 7, 4, 5, 1, 7, 8, 9, 5, 4, 4, 3, 7, 4, 7, 6, 3, 7, 6, 1, 8, 6, 9, 6, 9, 3, 7, 1, 3, 6, 9, 0, 6, 8, 0, 5, 0, 1, 6, 3, 9, 2, 0, 8, 4, 5, 5, 9, 6, 6, 8, 3, 1, 7, 4, 3, 3, 9, 3, 0, 4, 8, 7, 7, 6, 1, 3, 9, 3, 6, 0, 3, 2, 7, 4, 1, 2, 1, 7, 4, 9, 6, 5, 8, 6, 0, 7, 7, 6, 2, 9, 4, 9, 1, 4, 8, 8, 8, 3, 3, 6, 9, 1, 9, 4, 3, 1, 0, 2, 1, 1, 5, 1, 2, 4, 3, 1, 0, 9, 9, 9, 9, 1, 7, 6, 7, 6, 8, 5, 4, 2, 2, 3, 5, 7, 9, 4, 0, 2, 6, 3, 8, 6, 3, 4, 1, 2, 9, 5, 6, 8, 9, 5, 0, 4, 7, 7, 1, 2, 0, 9, 7, 4, 5, 2, 7, 3, 6, 3, 2, 9, 4, 5, 2, 5, 4, 3, 2, 1, 3, 9, 3, 1, 9, 7, 7, 8, 2, 5, 4, 2, 3, 4, 1, 2, 7, 0, 7, 8, 2, 9, 9, 6, 4, 0, 8, 3, 1, 4, 7, 4, 9, 3, 8, 4, 3, 5, 8, 6, 9, 5, 0, 8, 8, 5, 7, 8, 0, 5, 4, 5, 6, 8, 9, 0, 3, 6, 0, 9, 1, 1, 2, 1, 6, 0, 7, 2, 8, 8, 8, 7, 4, 3, 6, 8, 7, 3, 8, 2, 9, 9, 8, 3, 5, 0, 3, 7, 7, 4, 8, 9, 3, 3, 5, 3, 6, 6, 1, 2, 9, 0, 5, 7, 0, 2, 5, 3, 6, 7, 5, 9, 5, 1, 3, 4, 7, 2, 6, 2, 3, 3, 6, 4, 7, 7, 9, 0, 8, 3, 9, 8, 4, 5, 7, 0, 0, 5, 4, 3, 1, 1, 2, 3, 9, 8, 3, 5, 2, 6, 3, 9, 0, 3, 2, 2, 4, 2, 2, 2, 1, 7, 4, 6, 3, 6, 7, 6, 7, 0, 6, 7, 9, 6, 2, 5, 6, 7, 9, 0, 6, 5, 8, 5, 0, 0, 3, 9, 9, 6, 8, 2, 4, 6, 3, 2, 7, 2, 3, 8, 1, 6, 0, 2, 5, 1, 6, 0, 7, 6, 7, 3, 4, 1, 9, 2, 2, 8, 0, 0, 8, 8, 6, 2, 9, 8, 9, 1, 7, 8, 7, 0, 2, 5, 3, 6, 1, 3, 3, 8, 8, 0, 4, 9, 5, 7, 1, 5, 9, 9, 5, 3, 0, 6, 1, 0, 1, 1, 2, 4, 3, 8, 1, 4, 6, 4, 8, 0, 3, 3, 8, 3, 8, 9, 8, 7, 7, 5, 3, 8, 5, 1, 1, 2, 3, 8, 4, 4, 4, 8, 0, 2, 7, 6, 4, 6, 8, 9, 9, 8, 0, 3, 4, 6, 9, 9, 7, 3, 6, 9, 0, 5, 9, 3, 9, 5, 7, 5, 9, 3, 0, 1, 9, 9, 7, 7, 5, 3, 2, 5, 1, 1, 3, 8, 6, 9, 0, 2, 2, 9, 0, 5, 8, 0, 3, 8, 0, 1, 7, 3, 1, 3, 1, 8, 4, 5, 2, 9, 7, 5, 8, 0, 2, 0, 9, 1, 2, 3, 3, 9, 9, 7, 1, 3, 7, 2, 1, 3, 1, 2, 7, 2, 4, 5, 7, 4, 3, 7, 7, 2, 5, 7, 4, 0, 7, 4, 4, 9, 5, 7, 8, 2, 4, 9, 3, 4, 7, 3, 8, 1, 6, 6, 0, 3, 6, 3, 6, 7, 0, 3, 9, 1, 2, 5, 5, 7, 8, 6, 1, 8, 9, 8, 4, 1, 1, 0, 3, 4, 6, 6, 3, 7, 7, 8, 2, 7, 2, 7, 0, 5, 7, 6, 8, 2, 1, 5, 6, 7, 1, 2, 6, 4, 0, 0, 0, 2, 9, 6, 1, 5, 1, 0, 8, 8, 1, 1, 3, 0, 9, 4, 5, 2, 7, 1, 3, 8, 5, 0, 0, 0, 1, 8, 6, 1, 4, 0, 8, 4, 4, 1, 4, 3, 9, 3, 5, 0, 7, 2, 9, 2, 0, 2, 6, 1, 8, 7, 6, 2, 5, 1, 6, 2, 9, 0, 8, 7, 2, 7, 4, 2, 1, 0, 6, 2, 6, 6, 9, 3, 7, 9, 4, 5, 6, 3, 6, 6, 7, 7, 7, 3, 5, 9, 4, 6, 2, 7, 8, 2, 4, 0, 1, 6, 9, 8, 4, 3, 9, 3, 8, 4, 6, 8, 9, 6, 3, 8, 6, 5, 9, 5, 7, 2, 8, 9, 6, 1, 9, 2, 1, 0, 4, 0, 2, 9, 2, 2, 6, 3, 0, 4, 2, 0, 6, 9, 8, 9, 9, 4, 8, 9, 4, 9, 1, 5, 2, 2, 1, 5, 7, 0, 0, 1, 3, 9, 2, 2, 1, 0, 8, 5, 4, 6, 0, 1, 9, 9, 7, 9, 8, 3, 1, 6, 5, 9, 1, 0, 1, 7, 4, 2, 1, 4, 3, 7, 4, 1, 9, 5, 6, 3, 5, 9, 9, 4, 9, 2, 6, 4, 8, 7, 4, 4, 1, 5, 7, 1, 1, 7, 5, 8, 9, 1, 5, 0, 3, 0, 2, 4, 3, 3, 6, 9, 9, 0, 2, 8, 6, 0, 9, 8, 1, 5, 9, 5, 3, 4, 7, 7, 3, 1, 8, 8, 3, 5, 1, 5, 5, 6, 8, 8, 2, 0, 9, 8, 0, 5, 9, 3, 2, 8, 5, 0, 9, 2, 8, 1, 9, 0, 8, 5, 6, 7, 3, 8, 8, 8, 2, 3, 1, 0, 6, 8, 1, 5, 4, 7, 7, 2, 4, 3, 0, 3, 8, 3, 2, 4, 1, 2, 5, 5, 4, 3, 1, 5, 6, 4, 6, 7, 9, 9, 9, 6, 0, 4, 7, 5, 7, 0, 3, 0, 1, 8, 5, 0, 6, 7, 1, 3, 8, 1, 7, 5, 8, 6, 6, 2, 3, 8, 8, 3, 9, 3, 3, 3, 6, 6, 3, 0, 2, 3, 6, 5, 6, 9, 7, 9, 4, 4, 7, 7, 5, 1, 3, 7, 4, 8, 9, 4, 9, 5, 2, 7, 7, 7, 4, 7, 2, 3, 3, 8, 1, 6, 8, 8, 7, 1, 3, 3, 0, 6, 8, 8, 4, 3, 0, 2, 1, 0, 6, 1, 4, 5, 2, 5, 1, 5, 6, 4, 7, 5, 8, 3, 8, 1, 3, 1, 6, 7, 2, 5, 5, 7, 0, 8, 7, 3, 8, 5, 5, 4, 8, 0, 9, 7, 0, 4, 2, 3, 8, 1, 7, 6, 5, 3, 3, 8, 7, 7, 5, 3, 5, 5, 7, 9, 3, 9, 3, 1, 8, 3, 4, 2, 4, 4, 9, 9, 3, 5, 5, 0, 2, 5, 2, 4, 1, 2, 9, 5, 8, 8, 2, 8, 7, 9, 0, 8, 8, 6, 8, 2, 9, 4, 6, 0, 9, 9, 2, 5, 7, 6, 3, 5, 4, 5, 2, 9, 8, 1, 5, 9, 3, 7, 3, 7, 3, 0, 3, 2, 9, 7, 7, 0, 0, 4, 8, 9, 3, 2, 6, 7, 4, 3, 9, 7, 9, 3, 5, 9, 9, 2, 6, 4, 8, 4, 7, 6, 8, 7, 4, 5, 1, 3, 5, 7, 6, 6, 3, 1, 7, 2, 6, 8, 8, 3, 0, 1, 5, 4, 4, 7, 1, 5, 2, 3, 8, 0, 0, 5, 7, 6, 2, 6, 7, 9, 7, 9, 7, 7, 5, 7, 3, 9, 6, 3, 5, 1, 0, 7, 9, 5, 6, 3, 8, 7, 0, 8, 9, 7, 6, 6, 3, 4, 6, 0, 6, 6, 3, 3, 1, 3, 5, 7, 8, 5, 1, 7, 3, 7, 7, 2, 8, 9, 5, 1, 2, 9, 1, 4, 5, 8, 2, 5, 3, 8, 7, 3, 6, 1, 1, 0, 7, 1, 9, 3, 5, 6, 1, 7, 8, 9, 9, 1, 6, 2, 8, 9, 1, 6, 7, 6, 9, 3, 8, 1, 8, 1, 7, 9, 9, 6, 1, 9, 9, 8, 1, 5, 0, 4, 2, 4, 3, 2, 7, 6, 9, 9, 4, 2, 8, 8, 6, 0, 7, 4, 2, 2, 0, 1, 2, 1, 8, 2]
>>> [train_set.dataset[i][1] for i in range(len(train_set.dataset))].count(0)
345
>>> [train_set.dataset[i][1] for i in range(len(train_set.dataset))].count(1)
388
>>> [[train_set.dataset[i][1] for i in range(len(train_set.dataset))].count(j) for j in range(10)]
[345, 388, 370, 398, 370, 337, 366, 395, 386, 395]
>>> partition_dataset(1)[1]
8
>>> partition_dataset(1)[0]
<torch.utils.data.dataloader.DataLoader object at 0x7f0131765c00>
>>> partition_dataset(1)[0][0][1]
Traceback (most recent call last):
  File "<stdin>", line 1, in <module>
TypeError: 'DataLoader' object is not subscriptable
>>> partition_dataset(1)[0]
<torch.utils.data.dataloader.DataLoader object at 0x7f01317676d0>
>>> partition_dataset(1)[1]
8
>>> len(partition_dataset(1)[0])
469
>>> len(partition_dataset(0)[0])
469
>>> len(partition_dataset(9)[0])
469
>>> len(partition_dataset(9)[0].dataset)
3750
>>> [[partition_dataset(0)[0].dataset[i][1] for i in range(len(partition_dataset(0)[0].dataset))].count(j) for j in range(10)]
^CTraceback (most recent call last):
  File "<stdin>", line 1, in <module>
  File "<stdin>", line 1, in <listcomp>
  File "<stdin>", line 1, in <listcomp>
  File "<stdin>", line 17, in partition_dataset
  File "<stdin>", line 9, in __init__
  File "/home/tomsy/miniconda3/envs/pysyft/lib/python3.10/random.py", line 394, in shuffle
    x[i], x[j] = x[j], x[i]
KeyboardInterrupt
>>> [[train_set.dataset[i][1] for i in range(len(train_set.dataset))].count(j) for j in range(10)]
[345, 388, 370, 398, 370, 337, 366, 395, 386, 395]
>>> for k in range(16):
...    train_set,bsz=partition_dataset(k)
...    print([[train_set.dataset[i][1] for i in range(len(train_set.dataset))].count(j) for j in range(10)])
... 
[345, 388, 370, 398, 370, 337, 366, 395, 386, 395]
[361, 457, 347, 392, 348, 324, 388, 390, 358, 385]
[361, 425, 373, 356, 369, 333, 388, 388, 380, 377]
[393, 413, 366, 382, 379, 330, 358, 405, 347, 377]
[382, 446, 358, 400, 324, 340, 349, 405, 351, 395]
[381, 412, 401, 377, 381, 342, 333, 400, 363, 360]
[374, 416, 395, 356, 352, 319, 369, 394, 383, 392]
[351, 403, 366, 435, 347, 352, 394, 411, 329, 362]
[379, 435, 383, 387, 370, 318, 380, 369, 350, 379]
[378, 418, 360, 365, 386, 331, 358, 394, 401, 359]
[394, 391, 350, 415, 367, 388, 354, 385, 352, 354]
[350, 407, 385, 382, 359, 373, 389, 376, 400, 329]
[368, 434, 366, 365, 336, 363, 381, 395, 346, 396]
[375, 438, 394, 392, 400, 301, 374, 373, 348, 355]
[363, 420, 395, 372, 382, 331, 386, 366, 373, 362]
[368, 439, 349, 357, 372, 339, 351, 419, 384, 372]
>>> distributions=[[345, 388, 370, 398, 370, 337, 366, 395, 386, 395]
... [361, 457, 347, 392, 348, 324, 388, 390, 358, 385]
... [361, 425, 373, 356, 369, 333, 388, 388, 380, 377]
... [393, 413, 366, 382, 379, 330, 358, 405, 347, 377]
... [382, 446, 358, 400, 324, 340, 349, 405, 351, 395]
... [381, 412, 401, 377, 381, 342, 333, 400, 363, 360]
... [374, 416, 395, 356, 352, 319, 369, 394, 383, 392]
... [351, 403, 366, 435, 347, 352, 394, 411, 329, 362]
... [379, 435, 383, 387, 370, 318, 380, 369, 350, 379]
... [378, 418, 360, 365, 386, 331, 358, 394, 401, 359]
... [394, 391, 350, 415, 367, 388, 354, 385, 352, 354]
... [350, 407, 385, 382, 359, 373, 389, 376, 400, 329]
... [368, 434, 366, 365, 336, 363, 381, 395, 346, 396]
... [375, 438, 394, 392, 400, 301, 374, 373, 348, 355]
... [363, 420, 395, 372, 382, 331, 386, 366, 373, 362]
... [368, 439, 349, 357, 372, 339, 351, 419, 384, 372]
... ]
<stdin>:1: SyntaxWarning: list indices must be integers or slices, not tuple; perhaps you missed a comma?
Traceback (most recent call last):
  File "<stdin>", line 1, in <module>
TypeError: list indices must be integers or slices, not tuple
>>> distributions=[[345, 388, 370, 398, 370, 337, 366, 395, 386, 395],
... [361, 457, 347, 392, 348, 324, 388, 390, 358, 385],[361, 425, 373, 356, 369, 333, 388, 388, 380, 377],[393, 413, 366, 382, 379, 330, 358, 405, 347, 377],[382, 446, 358, 400, 324, 340, 349, 405, 351, 395],[381, 412, 401, 377, 381, 342, 333, 400, 363, 360],[374, 416, 395, 356, 352, 319, 369, 394, 383, 392],[351, 403, 366, 435, 347, 352, 394, 411, 329, 362],[379, 435, 383, 387, 370, 318, 380, 369, 350, 379],[378, 418, 360, 365, 386, 331, 358, 394, 401, 359],[394, 391, 350, 415, 367, 388, 354, 385, 352, 354],[350, 407, 385, 382, 359, 373, 389, 376, 400, 329],[368, 434, 366, 365, 336, 363, 381, 395, 346, 396],[375, 438, 394, 392, 400, 301, 374, 373, 348, 355],[363, 420, 395, 372, 382, 331, 386, 366, 373, 362],[368, 439, 349, 357, 372, 339, 351, 419, 384, 372]]
>>> distributions[0]
[345, 388, 370, 398, 370, 337, 366, 395, 386, 395]
>>> sum(distributions[0])
3750
>>> [sum(distributions[i]) for i in range(16)]
[3750, 3750, 3750, 3750, 3750, 3750, 3750, 3750, 3750, 3750, 3750, 3750, 3750, 3750, 3750, 3750]
>>> distributions=[]
>>> for k in range(16):
...    train_set,bsz=partition_dataset(k)
...    distributions +=   [[[train_set.dataset[i][1] for i in range(len(train_set.dataset))].count(j) for j in range(10)]]
... 
>>> distributions[0]
[345, 388, 370, 398, 370, 337, 366, 395, 386, 395]
>>> [sum(distributions[i]) for i in range(16)]
[3750, 3750, 3750, 3750, 3750, 3750, 3750, 3750, 3750, 3750, 3750, 3750, 3750, 3750, 3750, 3750]
>>> [distributions[i] for i in range(16)]
[[345, 388, 370, 398, 370, 337, 366, 395, 386, 395], [361, 457, 347, 392, 348, 324, 388, 390, 358, 385], [361, 425, 373, 356, 369, 333, 388, 388, 380, 377], [393, 413, 366, 382, 379, 330, 358, 405, 347, 377], [382, 446, 358, 400, 324, 340, 349, 405, 351, 395], [381, 412, 401, 377, 381, 342, 333, 400, 363, 360], [374, 416, 395, 356, 352, 319, 369, 394, 383, 392], [351, 403, 366, 435, 347, 352, 394, 411, 329, 362], [379, 435, 383, 387, 370, 318, 380, 369, 350, 379], [378, 418, 360, 365, 386, 331, 358, 394, 401, 359], [394, 391, 350, 415, 367, 388, 354, 385, 352, 354], [350, 407, 385, 382, 359, 373, 389, 376, 400, 329], [368, 434, 366, 365, 336, 363, 381, 395, 346, 396], [375, 438, 394, 392, 400, 301, 374, 373, 348, 355], [363, 420, 395, 372, 382, 331, 386, 366, 373, 362], [368, 439, 349, 357, 372, 339, 351, 419, 384, 372]]
>>> [sum(distributions[i]) for i in range(16)]
[3750, 3750, 3750, 3750, 3750, 3750, 3750, 3750, 3750, 3750, 3750, 3750, 3750, 3750, 3750, 3750]
>>> [distributions[i] for i in range(16)]
[[345, 388, 370, 398, 370, 337, 366, 395, 386, 395], [361, 457, 347, 392, 348, 324, 388, 390, 358, 385], [361, 425, 373, 356, 369, 333, 388, 388, 380, 377], [393, 413, 366, 382, 379, 330, 358, 405, 347, 377], [382, 446, 358, 400, 324, 340, 349, 405, 351, 395], [381, 412, 401, 377, 381, 342, 333, 400, 363, 360], [374, 416, 395, 356, 352, 319, 369, 394, 383, 392], [351, 403, 366, 435, 347, 352, 394, 411, 329, 362], [379, 435, 383, 387, 370, 318, 380, 369, 350, 379], [378, 418, 360, 365, 386, 331, 358, 394, 401, 359], [394, 391, 350, 415, 367, 388, 354, 385, 352, 354], [350, 407, 385, 382, 359, 373, 389, 376, 400, 329], [368, 434, 366, 365, 336, 363, 381, 395, 346, 396], [375, 438, 394, 392, 400, 301, 374, 373, 348, 355], [363, 420, 395, 372, 382, 331, 386, 366, 373, 362], [368, 439, 349, 357, 372, 339, 351, 419, 384, 372]]
>>> [float(distributions[i][j])/sum(distributions[i]) for j in range(10)  for i in range(16)]
[0.092, 0.09626666666666667, 0.09626666666666667, 0.1048, 0.10186666666666666, 0.1016, 0.09973333333333333, 0.0936, 0.10106666666666667, 0.1008, 0.10506666666666667, 0.09333333333333334, 0.09813333333333334, 0.1, 0.0968, 0.09813333333333334, 0.10346666666666667, 0.12186666666666666, 0.11333333333333333, 0.11013333333333333, 0.11893333333333334, 0.10986666666666667, 0.11093333333333333, 0.10746666666666667, 0.116, 0.11146666666666667, 0.10426666666666666, 0.10853333333333333, 0.11573333333333333, 0.1168, 0.112, 0.11706666666666667, 0.09866666666666667, 0.09253333333333333, 0.09946666666666666, 0.0976, 0.09546666666666667, 0.10693333333333334, 0.10533333333333333, 0.0976, 0.10213333333333334, 0.096, 0.09333333333333334, 0.10266666666666667, 0.0976, 0.10506666666666667, 0.10533333333333333, 0.09306666666666667, 0.10613333333333333, 0.10453333333333334, 0.09493333333333333, 0.10186666666666666, 0.10666666666666667, 0.10053333333333334, 0.09493333333333333, 0.116, 0.1032, 0.09733333333333333, 0.11066666666666666, 0.10186666666666666, 0.09733333333333333, 0.10453333333333334, 0.0992, 0.0952, 0.09866666666666667, 0.0928, 0.0984, 0.10106666666666667, 0.0864, 0.1016, 0.09386666666666667, 0.09253333333333333, 0.09866666666666667, 0.10293333333333334, 0.09786666666666667, 0.09573333333333334, 0.0896, 0.10666666666666667, 0.10186666666666666, 0.0992, 0.08986666666666666, 0.0864, 0.0888, 0.088, 0.09066666666666667, 0.0912, 0.08506666666666667, 0.09386666666666667, 0.0848, 0.08826666666666666, 0.10346666666666667, 0.09946666666666666, 0.0968, 0.08026666666666667, 0.08826666666666666, 0.0904, 0.0976, 0.10346666666666667, 0.10346666666666667, 0.09546666666666667, 0.09306666666666667, 0.0888, 0.0984, 0.10506666666666667, 0.10133333333333333, 0.09546666666666667, 0.0944, 0.10373333333333333, 0.1016, 0.09973333333333333, 0.10293333333333334, 0.0936, 0.10533333333333333, 0.104, 0.10346666666666667, 0.108, 0.108, 0.10666666666666667, 0.10506666666666667, 0.1096, 0.0984, 0.10506666666666667, 0.10266666666666667, 0.10026666666666667, 0.10533333333333333, 0.09946666666666666, 0.0976, 0.11173333333333334, 0.10293333333333334, 0.09546666666666667, 0.10133333333333333, 0.09253333333333333, 0.0936, 0.0968, 0.10213333333333334, 0.08773333333333333, 0.09333333333333334, 0.10693333333333334, 0.09386666666666667, 0.10666666666666667, 0.09226666666666666, 0.0928, 0.09946666666666666, 0.1024, 0.10533333333333333, 0.10266666666666667, 0.10053333333333334, 0.10053333333333334, 0.10533333333333333, 0.096, 0.10453333333333334, 0.09653333333333333, 0.10106666666666667, 0.09573333333333334, 0.0944, 0.08773333333333333, 0.1056, 0.09466666666666666, 0.09653333333333333, 0.0992]
>>> float(345)/3750
0.092
>>> [[float(distributions[i][j])/sum(distributions[i]) for j in range(10)  for i in range(16)]]
[[0.092, 0.09626666666666667, 0.09626666666666667, 0.1048, 0.10186666666666666, 0.1016, 0.09973333333333333, 0.0936, 0.10106666666666667, 0.1008, 0.10506666666666667, 0.09333333333333334, 0.09813333333333334, 0.1, 0.0968, 0.09813333333333334, 0.10346666666666667, 0.12186666666666666, 0.11333333333333333, 0.11013333333333333, 0.11893333333333334, 0.10986666666666667, 0.11093333333333333, 0.10746666666666667, 0.116, 0.11146666666666667, 0.10426666666666666, 0.10853333333333333, 0.11573333333333333, 0.1168, 0.112, 0.11706666666666667, 0.09866666666666667, 0.09253333333333333, 0.09946666666666666, 0.0976, 0.09546666666666667, 0.10693333333333334, 0.10533333333333333, 0.0976, 0.10213333333333334, 0.096, 0.09333333333333334, 0.10266666666666667, 0.0976, 0.10506666666666667, 0.10533333333333333, 0.09306666666666667, 0.10613333333333333, 0.10453333333333334, 0.09493333333333333, 0.10186666666666666, 0.10666666666666667, 0.10053333333333334, 0.09493333333333333, 0.116, 0.1032, 0.09733333333333333, 0.11066666666666666, 0.10186666666666666, 0.09733333333333333, 0.10453333333333334, 0.0992, 0.0952, 0.09866666666666667, 0.0928, 0.0984, 0.10106666666666667, 0.0864, 0.1016, 0.09386666666666667, 0.09253333333333333, 0.09866666666666667, 0.10293333333333334, 0.09786666666666667, 0.09573333333333334, 0.0896, 0.10666666666666667, 0.10186666666666666, 0.0992, 0.08986666666666666, 0.0864, 0.0888, 0.088, 0.09066666666666667, 0.0912, 0.08506666666666667, 0.09386666666666667, 0.0848, 0.08826666666666666, 0.10346666666666667, 0.09946666666666666, 0.0968, 0.08026666666666667, 0.08826666666666666, 0.0904, 0.0976, 0.10346666666666667, 0.10346666666666667, 0.09546666666666667, 0.09306666666666667, 0.0888, 0.0984, 0.10506666666666667, 0.10133333333333333, 0.09546666666666667, 0.0944, 0.10373333333333333, 0.1016, 0.09973333333333333, 0.10293333333333334, 0.0936, 0.10533333333333333, 0.104, 0.10346666666666667, 0.108, 0.108, 0.10666666666666667, 0.10506666666666667, 0.1096, 0.0984, 0.10506666666666667, 0.10266666666666667, 0.10026666666666667, 0.10533333333333333, 0.09946666666666666, 0.0976, 0.11173333333333334, 0.10293333333333334, 0.09546666666666667, 0.10133333333333333, 0.09253333333333333, 0.0936, 0.0968, 0.10213333333333334, 0.08773333333333333, 0.09333333333333334, 0.10693333333333334, 0.09386666666666667, 0.10666666666666667, 0.09226666666666666, 0.0928, 0.09946666666666666, 0.1024, 0.10533333333333333, 0.10266666666666667, 0.10053333333333334, 0.10053333333333334, 0.10533333333333333, 0.096, 0.10453333333333334, 0.09653333333333333, 0.10106666666666667, 0.09573333333333334, 0.0944, 0.08773333333333333, 0.1056, 0.09466666666666666, 0.09653333333333333, 0.0992]]
>>> [[float(distributions[i][j])/sum(distributions[i]) for j in range(10)  for i in range(16)]][0]
[0.092, 0.09626666666666667, 0.09626666666666667, 0.1048, 0.10186666666666666, 0.1016, 0.09973333333333333, 0.0936, 0.10106666666666667, 0.1008, 0.10506666666666667, 0.09333333333333334, 0.09813333333333334, 0.1, 0.0968, 0.09813333333333334, 0.10346666666666667, 0.12186666666666666, 0.11333333333333333, 0.11013333333333333, 0.11893333333333334, 0.10986666666666667, 0.11093333333333333, 0.10746666666666667, 0.116, 0.11146666666666667, 0.10426666666666666, 0.10853333333333333, 0.11573333333333333, 0.1168, 0.112, 0.11706666666666667, 0.09866666666666667, 0.09253333333333333, 0.09946666666666666, 0.0976, 0.09546666666666667, 0.10693333333333334, 0.10533333333333333, 0.0976, 0.10213333333333334, 0.096, 0.09333333333333334, 0.10266666666666667, 0.0976, 0.10506666666666667, 0.10533333333333333, 0.09306666666666667, 0.10613333333333333, 0.10453333333333334, 0.09493333333333333, 0.10186666666666666, 0.10666666666666667, 0.10053333333333334, 0.09493333333333333, 0.116, 0.1032, 0.09733333333333333, 0.11066666666666666, 0.10186666666666666, 0.09733333333333333, 0.10453333333333334, 0.0992, 0.0952, 0.09866666666666667, 0.0928, 0.0984, 0.10106666666666667, 0.0864, 0.1016, 0.09386666666666667, 0.09253333333333333, 0.09866666666666667, 0.10293333333333334, 0.09786666666666667, 0.09573333333333334, 0.0896, 0.10666666666666667, 0.10186666666666666, 0.0992, 0.08986666666666666, 0.0864, 0.0888, 0.088, 0.09066666666666667, 0.0912, 0.08506666666666667, 0.09386666666666667, 0.0848, 0.08826666666666666, 0.10346666666666667, 0.09946666666666666, 0.0968, 0.08026666666666667, 0.08826666666666666, 0.0904, 0.0976, 0.10346666666666667, 0.10346666666666667, 0.09546666666666667, 0.09306666666666667, 0.0888, 0.0984, 0.10506666666666667, 0.10133333333333333, 0.09546666666666667, 0.0944, 0.10373333333333333, 0.1016, 0.09973333333333333, 0.10293333333333334, 0.0936, 0.10533333333333333, 0.104, 0.10346666666666667, 0.108, 0.108, 0.10666666666666667, 0.10506666666666667, 0.1096, 0.0984, 0.10506666666666667, 0.10266666666666667, 0.10026666666666667, 0.10533333333333333, 0.09946666666666666, 0.0976, 0.11173333333333334, 0.10293333333333334, 0.09546666666666667, 0.10133333333333333, 0.09253333333333333, 0.0936, 0.0968, 0.10213333333333334, 0.08773333333333333, 0.09333333333333334, 0.10693333333333334, 0.09386666666666667, 0.10666666666666667, 0.09226666666666666, 0.0928, 0.09946666666666666, 0.1024, 0.10533333333333333, 0.10266666666666667, 0.10053333333333334, 0.10053333333333334, 0.10533333333333333, 0.096, 0.10453333333333334, 0.09653333333333333, 0.10106666666666667, 0.09573333333333334, 0.0944, 0.08773333333333333, 0.1056, 0.09466666666666666, 0.09653333333333333, 0.0992]
>>> [float(distributions[i][j])/sum(distributions[i]) for j in range(10)  for i in range(16)][0]
0.092
>>> [[float(distributions[i][j])/sum(distributions[i]) for j in range(10)]  for i in range(16)][0]
[0.092, 0.10346666666666667, 0.09866666666666667, 0.10613333333333333, 0.09866666666666667, 0.08986666666666666, 0.0976, 0.10533333333333333, 0.10293333333333334, 0.10533333333333333]
>>> [[float(distributions[i][j])/sum(distributions[i]) for j in range(10)]  for i in range(16)]
[[0.092, 0.10346666666666667, 0.09866666666666667, 0.10613333333333333, 0.09866666666666667, 0.08986666666666666, 0.0976, 0.10533333333333333, 0.10293333333333334, 0.10533333333333333], [0.09626666666666667, 0.12186666666666666, 0.09253333333333333, 0.10453333333333334, 0.0928, 0.0864, 0.10346666666666667, 0.104, 0.09546666666666667, 0.10266666666666667], [0.09626666666666667, 0.11333333333333333, 0.09946666666666666, 0.09493333333333333, 0.0984, 0.0888, 0.10346666666666667, 0.10346666666666667, 0.10133333333333333, 0.10053333333333334], [0.1048, 0.11013333333333333, 0.0976, 0.10186666666666666, 0.10106666666666667, 0.088, 0.09546666666666667, 0.108, 0.09253333333333333, 0.10053333333333334], [0.10186666666666666, 0.11893333333333334, 0.09546666666666667, 0.10666666666666667, 0.0864, 0.09066666666666667, 0.09306666666666667, 0.108, 0.0936, 0.10533333333333333], [0.1016, 0.10986666666666667, 0.10693333333333334, 0.10053333333333334, 0.1016, 0.0912, 0.0888, 0.10666666666666667, 0.0968, 0.096], [0.09973333333333333, 0.11093333333333333, 0.10533333333333333, 0.09493333333333333, 0.09386666666666667, 0.08506666666666667, 0.0984, 0.10506666666666667, 0.10213333333333334, 0.10453333333333334], [0.0936, 0.10746666666666667, 0.0976, 0.116, 0.09253333333333333, 0.09386666666666667, 0.10506666666666667, 0.1096, 0.08773333333333333, 0.09653333333333333], [0.10106666666666667, 0.116, 0.10213333333333334, 0.1032, 0.09866666666666667, 0.0848, 0.10133333333333333, 0.0984, 0.09333333333333334, 0.10106666666666667], [0.1008, 0.11146666666666667, 0.096, 0.09733333333333333, 0.10293333333333334, 0.08826666666666666, 0.09546666666666667, 0.10506666666666667, 0.10693333333333334, 0.09573333333333334], [0.10506666666666667, 0.10426666666666666, 0.09333333333333334, 0.11066666666666666, 0.09786666666666667, 0.10346666666666667, 0.0944, 0.10266666666666667, 0.09386666666666667, 0.0944], [0.09333333333333334, 0.10853333333333333, 0.10266666666666667, 0.10186666666666666, 0.09573333333333334, 0.09946666666666666, 0.10373333333333333, 0.10026666666666667, 0.10666666666666667, 0.08773333333333333], [0.09813333333333334, 0.11573333333333333, 0.0976, 0.09733333333333333, 0.0896, 0.0968, 0.1016, 0.10533333333333333, 0.09226666666666666, 0.1056], [0.1, 0.1168, 0.10506666666666667, 0.10453333333333334, 0.10666666666666667, 0.08026666666666667, 0.09973333333333333, 0.09946666666666666, 0.0928, 0.09466666666666666], [0.0968, 0.112, 0.10533333333333333, 0.0992, 0.10186666666666666, 0.08826666666666666, 0.10293333333333334, 0.0976, 0.09946666666666666, 0.09653333333333333], [0.09813333333333334, 0.11706666666666667, 0.09306666666666667, 0.0952, 0.0992, 0.0904, 0.0936, 0.11173333333333334, 0.1024, 0.0992]]
>>> [[float(distributions[i][j])/sum(distributions[i]) for j in range(10)]  for i in range(16)][0]
[0.092, 0.10346666666666667, 0.09866666666666667, 0.10613333333333333, 0.09866666666666667, 0.08986666666666666, 0.0976, 0.10533333333333333, 0.10293333333333334, 0.10533333333333333]
>>> float(388)/3750
0.10346666666666667
>>> float(370)/3750
0.09866666666666667
>>> [[float(distributions[i][j])/sum(distributions[i]) for j in range(10)]  for i in range(16)][0]
[0.092, 0.10346666666666667, 0.09866666666666667, 0.10613333333333333, 0.09866666666666667, 0.08986666666666666, 0.0976, 0.10533333333333333, 0.10293333333333334, 0.10533333333333333]
>>> q=[[float(distributions[i][j])/sum(distributions[i]) for j in range(10)]  for i in range(16)]
>>> q[0]
[0.092, 0.10346666666666667, 0.09866666666666667, 0.10613333333333333, 0.09866666666666667, 0.08986666666666666, 0.0976, 0.10533333333333333, 0.10293333333333334, 0.10533333333333333]
>>> q[1]
[0.09626666666666667, 0.12186666666666666, 0.09253333333333333, 0.10453333333333334, 0.0928, 0.0864, 0.10346666666666667, 0.104, 0.09546666666666667, 0.10266666666666667]
>>> float(365)/3750
0.09733333333333333
>>> float(362)/3750
0.09653333333333333
>>> float(361)/3750
0.09626666666666667
>>> distributions
[[345, 388, 370, 398, 370, 337, 366, 395, 386, 395], [361, 457, 347, 392, 348, 324, 388, 390, 358, 385], [361, 425, 373, 356, 369, 333, 388, 388, 380, 377], [393, 413, 366, 382, 379, 330, 358, 405, 347, 377], [382, 446, 358, 400, 324, 340, 349, 405, 351, 395], [381, 412, 401, 377, 381, 342, 333, 400, 363, 360], [374, 416, 395, 356, 352, 319, 369, 394, 383, 392], [351, 403, 366, 435, 347, 352, 394, 411, 329, 362], [379, 435, 383, 387, 370, 318, 380, 369, 350, 379], [378, 418, 360, 365, 386, 331, 358, 394, 401, 359], [394, 391, 350, 415, 367, 388, 354, 385, 352, 354], [350, 407, 385, 382, 359, 373, 389, 376, 400, 329], [368, 434, 366, 365, 336, 363, 381, 395, 346, 396], [375, 438, 394, 392, 400, 301, 374, 373, 348, 355], [363, 420, 395, 372, 382, 331, 386, 366, 373, 362], [368, 439, 349, 357, 372, 339, 351, 419, 384, 372]]
>>> global=[sum(distributions[i]) for i in range(16)]
  File "<stdin>", line 1
    global=[sum(distributions[i]) for i in range(16)]
          ^
SyntaxError: invalid syntax
>>> global_count=[sum(distributions[i]) for i in range(16)]
>>> global_count
[3750, 3750, 3750, 3750, 3750, 3750, 3750, 3750, 3750, 3750, 3750, 3750, 3750, 3750, 3750, 3750]
>>> global_count=[sum(distributions[i][j]) for j in range(10) for i in range(16)]
Traceback (most recent call last):
  File "<stdin>", line 1, in <module>
  File "<stdin>", line 1, in <listcomp>
TypeError: 'int' object is not iterable
>>> global_count=[(distributions[i][j]) for j in range(10) for i in range(16)]
>>> global_count
[345, 361, 361, 393, 382, 381, 374, 351, 379, 378, 394, 350, 368, 375, 363, 368, 388, 457, 425, 413, 446, 412, 416, 403, 435, 418, 391, 407, 434, 438, 420, 439, 370, 347, 373, 366, 358, 401, 395, 366, 383, 360, 350, 385, 366, 394, 395, 349, 398, 392, 356, 382, 400, 377, 356, 435, 387, 365, 415, 382, 365, 392, 372, 357, 370, 348, 369, 379, 324, 381, 352, 347, 370, 386, 367, 359, 336, 400, 382, 372, 337, 324, 333, 330, 340, 342, 319, 352, 318, 331, 388, 373, 363, 301, 331, 339, 366, 388, 388, 358, 349, 333, 369, 394, 380, 358, 354, 389, 381, 374, 386, 351, 395, 390, 388, 405, 405, 400, 394, 411, 369, 394, 385, 376, 395, 373, 366, 419, 386, 358, 380, 347, 351, 363, 383, 329, 350, 401, 352, 400, 346, 348, 373, 384, 395, 385, 377, 377, 395, 360, 392, 362, 379, 359, 354, 329, 396, 355, 362, 372]
>>> global_count=[sum(distributions[i][0]) for i in range(16)]
Traceback (most recent call last):
  File "<stdin>", line 1, in <module>
  File "<stdin>", line 1, in <listcomp>
TypeError: 'int' object is not iterable
>>> global_count=[sum(distributions[][0]) for i in range(16)]
  File "<stdin>", line 1
    global_count=[sum(distributions[][0]) for i in range(16)]
                      ^^^^^^^^^^^^^^^^^^
SyntaxError: invalid syntax. Perhaps you forgot a comma?
>>> global_count=[sum(distributions[][0]) for _ in range(16)]
  File "<stdin>", line 1
    global_count=[sum(distributions[][0]) for _ in range(16)]
                      ^^^^^^^^^^^^^^^^^^
SyntaxError: invalid syntax. Perhaps you forgot a comma?
>>> global_count=[sum(distributions[0]) for _ in range(16)]
>>> global_count
[3750, 3750, 3750, 3750, 3750, 3750, 3750, 3750, 3750, 3750, 3750, 3750, 3750, 3750, 3750, 3750]
>>> global_count=[sum(distributions[i][0]) for i in range(16)]
Traceback (most recent call last):
  File "<stdin>", line 1, in <module>
  File "<stdin>", line 1, in <listcomp>
TypeError: 'int' object is not iterable
>>> global_count=[sum((distributions[i][0])) for i in range(16)]
Traceback (most recent call last):
  File "<stdin>", line 1, in <module>
  File "<stdin>", line 1, in <listcomp>
TypeError: 'int' object is not iterable
>>> global_count=[distributions[i][0] for i in range(16)]
>>> global_count
[345, 361, 361, 393, 382, 381, 374, 351, 379, 378, 394, 350, 368, 375, 363, 368]
>>> global_count=sum([distributions[i][0] for i in range(16)])
>>> global_count
5923
>>> distributions[0][0] 
345
>>> distributions[0][1] 
388
>>> distributions[1][0] 
361
>>> distributions[2][0] 
361
>>> distributions[3][0] 
393
>>> distributions[15][0] 
368
>>> distributions[14][0] 
363
>>> global_count=[sum([distributions[i][j] for i in range(16)]) for j in range(16)]
Traceback (most recent call last):
  File "<stdin>", line 1, in <module>
  File "<stdin>", line 1, in <listcomp>
  File "<stdin>", line 1, in <listcomp>
IndexError: list index out of range
>>> global_count=[sum([distributions[i][j] for i in range(16)]) for j in range(10)]
>>> global_count
[5923, 6742, 5958, 6131, 5842, 5421, 5918, 6265, 5851, 5949]
>>> sum(global_count)
60000
>>> sum(distributions)
Traceback (most recent call last):
  File "<stdin>", line 1, in <module>
TypeError: unsupported operand type(s) for +: 'int' and 'list'
>>> sum(distributions[0])
3750
>>> sum(distributions[0])*16
60000
>>> 
>>> q
[[0.092, 0.10346666666666667, 0.09866666666666667, 0.10613333333333333, 0.09866666666666667, 0.08986666666666666, 0.0976, 0.10533333333333333, 0.10293333333333334, 0.10533333333333333], [0.09626666666666667, 0.12186666666666666, 0.09253333333333333, 0.10453333333333334, 0.0928, 0.0864, 0.10346666666666667, 0.104, 0.09546666666666667, 0.10266666666666667], [0.09626666666666667, 0.11333333333333333, 0.09946666666666666, 0.09493333333333333, 0.0984, 0.0888, 0.10346666666666667, 0.10346666666666667, 0.10133333333333333, 0.10053333333333334], [0.1048, 0.11013333333333333, 0.0976, 0.10186666666666666, 0.10106666666666667, 0.088, 0.09546666666666667, 0.108, 0.09253333333333333, 0.10053333333333334], [0.10186666666666666, 0.11893333333333334, 0.09546666666666667, 0.10666666666666667, 0.0864, 0.09066666666666667, 0.09306666666666667, 0.108, 0.0936, 0.10533333333333333], [0.1016, 0.10986666666666667, 0.10693333333333334, 0.10053333333333334, 0.1016, 0.0912, 0.0888, 0.10666666666666667, 0.0968, 0.096], [0.09973333333333333, 0.11093333333333333, 0.10533333333333333, 0.09493333333333333, 0.09386666666666667, 0.08506666666666667, 0.0984, 0.10506666666666667, 0.10213333333333334, 0.10453333333333334], [0.0936, 0.10746666666666667, 0.0976, 0.116, 0.09253333333333333, 0.09386666666666667, 0.10506666666666667, 0.1096, 0.08773333333333333, 0.09653333333333333], [0.10106666666666667, 0.116, 0.10213333333333334, 0.1032, 0.09866666666666667, 0.0848, 0.10133333333333333, 0.0984, 0.09333333333333334, 0.10106666666666667], [0.1008, 0.11146666666666667, 0.096, 0.09733333333333333, 0.10293333333333334, 0.08826666666666666, 0.09546666666666667, 0.10506666666666667, 0.10693333333333334, 0.09573333333333334], [0.10506666666666667, 0.10426666666666666, 0.09333333333333334, 0.11066666666666666, 0.09786666666666667, 0.10346666666666667, 0.0944, 0.10266666666666667, 0.09386666666666667, 0.0944], [0.09333333333333334, 0.10853333333333333, 0.10266666666666667, 0.10186666666666666, 0.09573333333333334, 0.09946666666666666, 0.10373333333333333, 0.10026666666666667, 0.10666666666666667, 0.08773333333333333], [0.09813333333333334, 0.11573333333333333, 0.0976, 0.09733333333333333, 0.0896, 0.0968, 0.1016, 0.10533333333333333, 0.09226666666666666, 0.1056], [0.1, 0.1168, 0.10506666666666667, 0.10453333333333334, 0.10666666666666667, 0.08026666666666667, 0.09973333333333333, 0.09946666666666666, 0.0928, 0.09466666666666666], [0.0968, 0.112, 0.10533333333333333, 0.0992, 0.10186666666666666, 0.08826666666666666, 0.10293333333333334, 0.0976, 0.09946666666666666, 0.09653333333333333], [0.09813333333333334, 0.11706666666666667, 0.09306666666666667, 0.0952, 0.0992, 0.0904, 0.0936, 0.11173333333333334, 0.1024, 0.0992]]
>>> q[0]
[0.092, 0.10346666666666667, 0.09866666666666667, 0.10613333333333333, 0.09866666666666667, 0.08986666666666666, 0.0976, 0.10533333333333333, 0.10293333333333334, 0.10533333333333333]
>>> sum(q[0])
1.0
>>> sum(q[1])
1.0
>>> [sum(q[i]) for i in range(10)]
[1.0, 1.0, 1.0, 1.0, 1.0, 1.0000000000000002, 1.0, 1.0, 1.0000000000000002, 1.0]
>>> global_count
[5923, 6742, 5958, 6131, 5842, 5421, 5918, 6265, 5851, 5949]
>>> p=[float(global_count[i]/sum(global_count) for i in range(10)]
  File "<stdin>", line 1
    p=[float(global_count[i]/sum(global_count) for i in range(10)]
                                                                 ^
SyntaxError: closing parenthesis ']' does not match opening parenthesis '('
>>> p=[float(global_count[i])/sum(global_count) for i in range(10)]
>>> p
[0.09871666666666666, 0.11236666666666667, 0.0993, 0.10218333333333333, 0.09736666666666667, 0.09035, 0.09863333333333334, 0.10441666666666667, 0.09751666666666667, 0.09915]
>>> def kld(p,q):
...     return sum(p[i] * log2(p[i]/q[i]) for i in range(len(p)))
... 
>>> kld(p,q[0])
Traceback (most recent call last):
  File "<stdin>", line 1, in <module>
  File "<stdin>", line 2, in kld
  File "<stdin>", line 2, in <genexpr>
NameError: name 'log2' is not defined
>>> from math import log2
>>> kld(p,q[0])
0.0014971247790360447
>>> kld(p,q[1])
0.0015541269499433708
>>> for i in range(16):
...    print(kld(p,q[i])
... 
... 
... 
KeyboardInterrupt
>>> for i in range(16):
...    print(kld(p,q[i]))
... 
0.0014971247790360447
0.0015541269499433708
0.0007581797987013601
0.0008236642844963288
0.0022558444410027915
0.001527327439784237
0.0013491909921316547
0.0031704979556637933
0.0009282133608362738
0.0013266219737854568
0.0031587038531371214
0.002956839520389441
0.001626436993760732
0.0023907451692665328
0.0010726647521601988
0.0015365212551203965
>>> results=[kld(p,q[i]) for i in range(16)]
>>> results
[0.0014971247790360447, 0.0015541269499433708, 0.0007581797987013601, 0.0008236642844963288, 0.0022558444410027915, 0.001527327439784237, 0.0013491909921316547, 0.0031704979556637933, 0.0009282133608362738, 0.0013266219737854568, 0.0031587038531371214, 0.002956839520389441, 0.001626436993760732, 0.0023907451692665328, 0.0010726647521601988, 0.0015365212551203965]
>>> results.sort()
>>> results
[0.0007581797987013601, 0.0008236642844963288, 0.0009282133608362738, 0.0010726647521601988, 0.0013266219737854568, 0.0013491909921316547, 0.0014971247790360447, 0.001527327439784237, 0.0015365212551203965, 0.0015541269499433708, 0.001626436993760732, 0.0022558444410027915, 0.0023907451692665328, 0.002956839520389441, 0.0031587038531371214, 0.0031704979556637933]
>>> results=[kld(p,q[i]) for i in range(16)]
>>> results=[i,kld(p,q[i]) for i in range(16)]
  File "<stdin>", line 1
    results=[i,kld(p,q[i]) for i in range(16)]
             ^^^^^^^^^^^^^
SyntaxError: did you forget parentheses around the comprehension target?
>>> results=[(i,kld(p,q[i])) for i in range(16)]
>>> results
[(0, 0.0014971247790360447), (1, 0.0015541269499433708), (2, 0.0007581797987013601), (3, 0.0008236642844963288), (4, 0.0022558444410027915), (5, 0.001527327439784237), (6, 0.0013491909921316547), (7, 0.0031704979556637933), (8, 0.0009282133608362738), (9, 0.0013266219737854568), (10, 0.0031587038531371214), (11, 0.002956839520389441), (12, 0.001626436993760732), (13, 0.0023907451692665328), (14, 0.0010726647521601988), (15, 0.0015365212551203965)]
>>> results[0]
(0, 0.0014971247790360447)
>>> results[0][0]
0
>>> results[0][1]
0.0014971247790360447
>>> results.sort(0)
Traceback (most recent call last):
  File "<stdin>", line 1, in <module>
TypeError: sort() takes no positional arguments
>>> results.sort(key="0")
Traceback (most recent call last):
  File "<stdin>", line 1, in <module>
TypeError: 'str' object is not callable
>>> results.sort(key=lambda student: student[1])
>>> results
[(2, 0.0007581797987013601), (3, 0.0008236642844963288), (8, 0.0009282133608362738), (14, 0.0010726647521601988), (9, 0.0013266219737854568), (6, 0.0013491909921316547), (0, 0.0014971247790360447), (5, 0.001527327439784237), (15, 0.0015365212551203965), (1, 0.0015541269499433708), (12, 0.001626436993760732), (4, 0.0022558444410027915), (13, 0.0023907451692665328), (11, 0.002956839520389441), (10, 0.0031587038531371214), (7, 0.0031704979556637933)]

